8.004844595417422
7.7838901602996415
7.768747643813321
7.514767754617947
7.202000653604138
6.8434329493134785
6.557779971097456
6.26342627662407
6.027321050857253
5.8413396647555125
5.603352351765822
5.422187706099251
5.245943727106476
5.10592741621113
4.934336517673716
4.770295554978509
4.61301341036789
4.457873243700867
4.308613552299391
4.175947541587313
4.018853361986154
3.8811291923919278
3.7443891466006676
3.6088427001208934
3.4692245541436186
3.330460411062008
3.2071445371680602
3.0737674478427155
2.954332188553074
2.834066746776467
2.709814427759925
2.599151934867195
2.494561266968635
2.3815334934597074
2.275774239995422
2.1726301605110305
2.067565217835265
1.9772859768394542
1.8792911910827872
1.7902172629461
1.6987392129946155
1.6133627393906231
1.5255527842494052
1.4379779923110199
1.3592721831062484
1.2754296726839724
1.1953317159919694
1.1127802536218596
1.0400688094401431
0.9699870129171453
0.8927315199985183
0.8285388535031754
0.7562117701834815
0.6931467205910774
0.6278114041887808
0.5657701996822612
0.5030659380946342
0.44869000895730743
0.3905409593641571
0.3365995812603087
0.2833525318896533
0.23856951148059413
0.1872853900382868
0.13824069683273413
0.09624891705065568
0.0544383635264734
0.014994990721224474
-0.024045141855763823
-0.0629636405551846
-0.10117803831376819
-0.13339494062826143
-0.1649465758914497
-0.19639259373982443
-0.22395883174078668
-0.27161310393413246
-0.3276873801880775
-0.381011592129227
-0.4324749958199236
-0.48199323625014595
-0.5293020119559192
-0.5690310789859404
-0.6167130741134789
-0.6605879543125678
-0.7005839994314288
-0.7401990409300493
-0.7771296149194069
-0.8146757619976531
-0.8512813127472384
-0.8867294728144298
-0.9200154118469058
-0.9547658700314269
-0.9876726442304521
-1.0230081494422527
-1.0514033738585862
-1.0856647521926723
-1.1185425844949874
-1.1522611955485047
-1.1889395116861483
-1.2225643009999638
-1.2594504207826216
-1.3036937725629454
-1.3449617028497078
-1.3978007994024233
-1.4565387335511908
-1.527912406965048
-1.590270991054948
-1.6439459600693034
-1.7037844717042814
-1.739927161012101
-1.790761192562815
-1.8277553070876251
-1.8647437380949257
-1.8938659937391134
-1.9264478124745132
-1.9487919602830583
-1.9727873841358747
-2.0043194693137854
-2.0075243644969367
-2.029407055323879
-2.0426792741454864
-2.051003518415774
-2.0483293078562723
-2.0774887369030455
-2.0532375888976
-2.072012667487112
-2.129242063535084
-2.1119984212662937
-1.9210023599104933
