8.231957179120597
8.265442239169037
8.096114662135555
7.851232215255576
7.486069971886754
7.130783587281734
6.814478662240394
6.41901652879211
6.1044052163672715
5.827216650416603
5.542235835149396
5.263457611095558
5.01619738586492
4.770431005273612
4.530408651702562
4.31311845379994
4.1154935990488015
3.9164576937795204
3.752835880836354
3.5618839936907256
3.3896901902839964
3.2284324137122966
3.0734857613305615
2.916499191417048
2.7696165868717273
2.634805733725134
2.4947984927291817
2.3740627510228003
2.2490663495063354
2.1245815636471908
2.0023552569116894
1.8926828051339724
1.7824059680497093
1.6805872235218438
1.5766263281347062
1.4840949574704172
1.3889586134347274
1.2961384474481876
1.211029967064101
1.1352180172328616
1.0507215336479498
0.9707786882565328
0.9115395669444754
0.8379104778935339
0.7754000685147219
0.7159371059884697
0.65967309107138
0.5964572668445101
0.5451999269639343
0.49576680607070583
0.44675914788477517
0.4013464768869682
0.3517685607015945
0.31670767988444776
0.2750911620408265
0.24195889204171675
0.19947975305037136
0.16570347207603617
0.12972909717695236
0.1015052052202882
0.06845630735991191
0.039892035310977174
0.011709667370524599
-0.013972085261949688
-0.039456423349126905
-0.06037250503628488
-0.08201008771016283
-0.10659195114740072
-0.12280152470632678
-0.13856762865565242
-0.15473295146022306
-0.17142221406046554
-0.1872612625556033
-0.2052546471928279
-0.21790727853889794
-0.23834214249855376
-0.2521901707094894
-0.27493837619732947
-0.2976821086368464
-0.31437101663994027
-0.3374279216214444
-0.36129248731875024
-0.3824502061596311
-0.39855998011980986
-0.42698239939919497
-0.4460683379852823
-0.47066957125289594
-0.49337912599833916
-0.5217639921231366
-0.5425204900246317
-0.5685978673412476
-0.5918895518432351
-0.6148678877624318
-0.6421032163050144
-0.6625014321707118
-0.6833179551923757
-0.7130022155538486
-0.7350571654517054
-0.7569861548484887
-0.7842520097120514
-0.8150961120357737
-0.8350275536820968
-0.869953773764132
-0.9011669720665109
-0.9396433704705697
-0.9822098649838309
-1.0146502026969804
-1.0615625307255143
-1.088790317868063
-1.1250402214458453
-1.155108934902828
-1.1854050256966941
-1.2080149035583354
-1.2425776598451008
-1.2741178233990018
-1.3004595229595814
-1.3224649611461168
-1.3574571028357199
-1.3671829051428561
-1.423081452575036
-1.399862282115598
-1.4129803065647675
-1.4253805462690963
-1.4713992492305437
-1.4420998056855154
-1.4881913877565935
-1.4527307406912742
-1.4235033792349938
