8.311077641598812
8.408437059219379
8.163131280377486
7.918862040008473
7.59486202451266
7.230083540408525
6.889527962011207
6.556449401260076
6.188188420550309
5.869350580468482
5.5331542154626625
5.192116069177875
4.9088200548520176
4.620461924620039
4.359427201465439
4.092566186147037
3.8753678214872367
3.6458478410921313
3.453936873175737
3.254694811956323
3.0551423587325277
2.8729744109307
2.7109760258180504
2.5627641396527387
2.410208264348768
2.27696622806958
2.137030939059781
2.0047294724203426
1.881168100405425
1.7661202245641687
1.6568388398071887
1.5500450059014275
1.4475431628117823
1.3468508414422324
1.2583939689557628
1.1798198663710224
1.090949180881446
1.0137080061482135
0.9408840612994475
0.8735227669895741
0.8082407464006223
0.7381756383926591
0.6680399234535379
0.615666368736378
0.5572691922054651
0.5001423935806169
0.44394818716411266
0.3911866013677283
0.341740755329697
0.29387639941902055
0.24132007693889024
0.2046939985691739
0.16759484086828477
0.12643443329338927
0.0865326709364785
0.05607622970611272
0.016783364718693208
-0.012938384439955786
-0.039803184130572884
-0.06912667703631072
-0.09362172875616914
-0.12155965506479567
-0.1441784326422214
-0.1631148562409174
-0.1802167878695562
-0.2032756192679855
-0.2215754710571448
-0.23898982041807706
-0.2503773572725549
-0.2689327130990328
-0.2806100443790623
-0.29280954786913366
-0.3017726657752016
-0.31294864455743865
-0.3144914421188188
-0.31592386938636613
-0.3121765659893468
-0.31680360702480714
-0.31566866155503254
-0.31484750852631954
-0.3152628933981522
-0.31542952320328316
-0.3211742904751675
-0.3207760005691205
-0.322208072982671
-0.32360677818986966
-0.3245918896844732
-0.32672171050759574
-0.323806900275244
-0.3264006868123796
-0.3213533241598536
-0.3236874902095102
-0.32548610674036643
-0.32271652412712665
-0.3257915237175484
-0.32493580925491056
-0.3284158071836395
-0.32079367612828563
-0.32371074266551614
-0.32631901027483917
-0.316403733530785
-0.31825977498376196
-0.3131272042694137
-0.31608984998028045
-0.32753844842527174
-0.3243746342558658
-0.31630412449982565
-0.3284459045706531
-0.3209149441722409
-0.32726110747052245
-0.336866731328487
-0.3280469366381999
-0.34436192860241893
-0.3396644065692245
-0.34085907307216945
-0.33856260965721274
-0.35743357850409363
-0.3464914348093869
-0.36484493498238324
-0.3624272601368192
-0.3551232396786183
-0.3617782174181972
-0.379606957618631
-0.3065096897574347
-0.3596951463543803
-0.3105350156337733
-0.17901714845627
-0.44022770205656775
