9.829974997304635
8.8882606372796
8.258983554313
7.620300224324855
7.087026274698417
6.5969367342412
6.146585432306625
5.803680667472683
5.37714563832283
5.099858952154972
4.838254974003979
4.592341530965954
4.352731847673316
4.11547603292184
3.920308790381023
3.7439413884844885
3.582815616091084
3.4134338558539685
3.2607035035939504
3.123513254306113
2.984539048290099
2.8485127071641485
2.7171125584051397
2.59352705011648
2.483306332133005
2.365764669354414
2.2625984364075116
2.1689257597923723
2.051876187119857
1.937963908973278
1.8412244447009307
1.7494434943416435
1.6626325359279495
1.5590376506595904
1.4772466485033506
1.3996383679534128
1.3061587411896654
1.2305808558177274
1.1418475269613644
1.0696453869154532
0.9926656983080485
0.9346328077224454
0.8643679993919361
0.8012489149084963
0.7453045364754383
0.6789522400659386
0.6249473579150847
0.5680098650302486
0.517182554670837
0.4770793663944617
0.4268812748559427
0.3850330092052809
0.33660191557292224
0.29909129025651165
0.25845675935247675
0.2298148687536653
0.17985966655302732
0.14651052347626792
0.11538376413197793
0.08139257282905143
0.05532605704236216
0.026605304780242922
0.0005296019654198273
-0.029843045602617246
-0.04854523706641204
-0.07542582250456005
-0.09990465964651896
-0.12253384249956036
-0.14166422883206778
-0.1593000572954469
-0.18170252095939335
-0.20322644270232093
-0.21786568839810508
-0.2351337256370143
-0.2522928617161122
-0.2783798897052672
-0.29885658349307737
-0.31869655725415763
-0.33545094597262154
-0.35386136051958994
-0.37632251000076544
-0.39755672372102185
-0.41894877802245817
-0.43500228070554386
-0.45462391788721973
-0.4680843321687724
-0.4859576287516128
-0.49425152714162346
-0.5105307226498328
-0.5216031892215663
-0.5320843790443399
-0.5444876997318537
-0.5540817766703746
-0.562518398633611
-0.5691969872784169
-0.5784187185571431
-0.5909631453318916
-0.5972480814281701
-0.6026289977427494
-0.6070625131330379
-0.614529272024763
-0.6204687620857172
-0.6226365236842143
-0.6312656425949735
-0.6421680486751854
-0.6504792019715283
-0.6449693636363407
-0.6633037180461955
-0.6762189804761216
-0.6840448456447481
-0.6939590727069352
-0.7013219254854444
-0.6954753269249742
-0.706794026858861
-0.6964321186148071
-0.7099404293937694
-0.7070268241137533
-0.7231447806797177
-0.7156917557503659
-0.7187067156743955
-0.7232036793750884
-0.6795230817872993
-0.6541721759023157
-0.6170741646383727
-0.6408314802940654
-0.5904883447170675
-0.6822159462331495
-0.2987563870290891
