8.184162471116734
8.06606575581793
8.022554025811338
7.637679079827792
7.3889606396223995
7.024063740192093
6.73951870313531
6.369162335682465
6.020771615280819
5.6883119647401275
5.40339938026732
5.129673443599413
4.837812413118591
4.594566836893563
4.348363670309701
4.109364581694707
3.91398569948768
3.6831211559333785
3.493521155675822
3.3128148397506982
3.1297424121501165
2.9684619217290815
2.818129101628299
2.6680309773378603
2.5207699557537153
2.3816273743816545
2.2592920718132765
2.1364876088471987
2.024693363205482
1.9128303861068385
1.8049619679180957
1.7070371519751726
1.6039962523345903
1.5137187876065366
1.4281155813506068
1.3391715114148697
1.2601460226852021
1.1717544261566661
1.0980050339900334
1.0342251257957515
0.9584801946375201
0.8818885308362893
0.8158688606542445
0.7612734134348783
0.7005408777802901
0.6465893552258382
0.5912210751870983
0.5377934151284488
0.49555762223607847
0.45284228184885694
0.4086774081380446
0.36634423536447097
0.33229545233486885
0.2933997454401686
0.265010475554269
0.23297914201157646
0.1963683496174662
0.17027278812033775
0.14554501561784292
0.11749272025409487
0.08823041592096044
0.06765394739305035
0.04088227421094246
0.02077198318652178
-0.004800142759231532
-0.027005820781324495
-0.04692866204529694
-0.0652646543973625
-0.08164176557316043
-0.10520828773916253
-0.12387069606636496
-0.14240330085860844
-0.15681500608595492
-0.16864031750757605
-0.19041445317385297
-0.2041897267781695
-0.21953346179138342
-0.23842686414172407
-0.2563326610299647
-0.2713644787935153
-0.29045371952279103
-0.3107335358475525
-0.33157758881583493
-0.3507113360047917
-0.3763510399049226
-0.399455956311805
-0.42307154180240114
-0.44586789382128594
-0.47092456509807284
-0.49727759380655145
-0.521058047100376
-0.5537240964738458
-0.5795801136032872
-0.6035662240511345
-0.6339556107402958
-0.6613677987039924
-0.6919035298331666
-0.7205597374719428
-0.7499462856867888
-0.7772625373968127
-0.8092750863767614
-0.8449058647226174
-0.8856108526911841
-0.9285175960296437
-0.9749474452052086
-1.0301332470235829
-1.070637082452664
-1.1124520744411899
-1.1470823481820795
-1.1835956847406426
-1.2270448610250084
-1.2659241870714852
-1.2868053445870178
-1.329544925835411
-1.37158631374128
-1.3939356924559119
-1.428107069090341
-1.4607355445792016
-1.4803667248644488
-1.5029461629909793
-1.4977208434523224
-1.5386217341519082
-1.55091555880516
-1.5833705772175566
-1.5899355562629056
-1.5515489751976241
-1.636191191689205
-1.5683438463049242
