8.101026860687716
7.972526283882491
7.148144942348001
6.378910065149225
5.846571349267479
5.25283247798278
4.799786979762644
4.240021453465728
3.803701030858921
3.4419011725523543
3.1874962184490117
2.782932145801676
2.49737179410785
2.2203158410829316
2.0016651331671724
1.771644237765471
1.5467092245606562
1.3427953458592847
1.1903458042509298
1.003986967976493
0.8932806183522776
0.8025962382726116
0.6873557447221311
0.5674243160746825
0.47858968481282554
0.4035072138586333
0.3068551117490052
0.23650873950424914
0.16854714908465904
0.13161397214706588
0.06915267251336085
0.027358815691592115
-0.026293713875329656
-0.06101425883407628
-0.08978816110661594
-0.13483376526713067
-0.16856771984535657
-0.18767714328556345
-0.21556140146461983
-0.2516623172784146
-0.2808526997248135
-0.2941257205377595
-0.3298699246159704
-0.3380850784847927
-0.3528062143399019
-0.3811516108942931
-0.3848761749074277
-0.411214196317046
-0.4154566284327834
-0.4247342941027408
-0.421037823771965
-0.42965845727702473
-0.4447094167828184
-0.43232927370953567
-0.46309838488935573
-0.45460060824764786
-0.47108496013643636
-0.43531442549986243
-0.4917740723636073
-0.47856134895760166
-0.4141967096636326
-0.519612468533377
-0.4506063140735699
-0.4137898700746654
-0.660870756043748
-1.3959719078813821
0.06435610897957332
0.0
0.0
0.0
0.0
0.0
0.0
0.0
0.0
0.0
0.0
0.0
0.0
0.0
0.0
0.0
0.0
0.0
0.0
0.0
0.0
0.0
0.0
0.0
0.0
0.0
0.0
0.0
0.0
0.0
0.0
0.0
0.0
0.0
0.0
0.0
0.0
0.0
0.0
0.0
0.0
0.0
0.0
0.0
0.0
0.0
0.0
0.0
0.0
0.0
0.0
0.0
0.0
0.0
0.0
0.0
0.0
0.0
0.0
0.0
0.0
0.0
0.0
