7.9580128839188236
8.02538994928018
6.9945616524419805
6.519540552191406
5.9744838204431785
5.527941108487722
5.1443620665914
4.895823784060247
4.657879746795595
4.335628186901878
4.14587396272901
3.8161714587188906
3.5379661998238627
3.2345265352537975
3.0310569589149132
2.765374610382275
2.5076715580044073
2.302551025775292
2.081624079444858
1.9106295313126718
1.7254095609420799
1.5215543268142024
1.3152338818520772
1.1797801080355692
1.0554231092753756
0.8803026736581272
0.737876470808492
0.6143579523362649
0.5173102298120534
0.3968863827298229
0.28182479951022843
0.19469816298861628
0.1178966658287751
0.023292641976206428
-0.039182712698840334
-0.13299013523588518
-0.18458678641700846
-0.2511415143022902
-0.3257003552632683
-0.39595604486101754
-0.46184723711141085
-0.5438126765702553
-0.5853678713973631
-0.6535313266879943
-0.6894343583672106
-0.7530012788903416
-0.782995033849587
-0.7953900866936494
-0.8305803130913522
-0.8516237748386721
-0.8610792621547371
-0.8608663485963086
-0.8801715015025073
-0.8725797132854834
-0.9048296964866073
-0.8870146015500763
-0.9538754816115574
-0.8988244926927733
-0.9297701310119361
-0.8478587710032961
-0.8739945887764077
-0.8772671355596987
-0.7352466725965406
-1.03597414135021
-0.8796262703739901
-0.7937152993426752
-1.1041458428852142
0.0
0.0
0.0
0.0
0.0
0.0
0.0
0.0
0.0
0.0
0.0
0.0
0.0
0.0
0.0
0.0
0.0
0.0
0.0
0.0
0.0
0.0
0.0
0.0
0.0
0.0
0.0
0.0
0.0
0.0
0.0
0.0
0.0
0.0
0.0
0.0
0.0
0.0
0.0
0.0
0.0
0.0
0.0
0.0
0.0
0.0
0.0
0.0
0.0
0.0
0.0
0.0
0.0
0.0
0.0
0.0
0.0
0.0
0.0
0.0
0.0
0.0
