10.083941427782175
8.555052349283631
7.6895252466122415
6.853903237890529
5.996708894874777
5.573460503358386
5.026142961656949
4.7128571674922615
4.297199974927038
4.038219270494933
3.698184826335653
3.4449333341533253
3.1327663855238628
2.982222492715853
2.7209396492094333
2.5709216980641507
2.314582258957362
2.1098492367994464
1.9224757639186194
1.7390631250485815
1.5947653129359347
1.4543057090491742
1.2940369055206724
1.1464710205242885
1.0316598835790742
0.8749565290209886
0.7790756660505892
0.656646670365247
0.5757017117295937
0.45205173686925776
0.3651934849923943
0.23937495249521215
0.15525427720438606
0.10433628602571701
0.01135638838052732
-0.05070705315168843
-0.125364778174577
-0.20832407022001115
-0.2548838087518697
-0.33803302256401946
-0.43063126741140534
-0.4796937315243219
-0.5366599951856049
-0.5964267938198959
-0.6437807206753468
-0.6992019839757122
-0.7381322912829911
-0.7785764777995905
-0.8418275117422436
-0.8469995397519888
-0.9291881199010611
-0.9753140026053406
-0.980988395385603
-0.9750277282875427
-1.0116580097338752
-1.1402768686372733
-1.1111440026923671
-1.0764343981839706
-1.1203233928317737
-1.1931840180495963
-1.2267997408959057
-1.12386217863533
-1.4529619090857402
-1.2844891302234775
-1.0212880733182008
-0.24797410499422803
-0.07815593878428143
-0.2810664176940918
0.0
0.0
0.0
0.0
0.0
0.0
0.0
0.0
0.0
0.0
0.0
0.0
0.0
0.0
0.0
0.0
0.0
0.0
0.0
0.0
0.0
0.0
0.0
0.0
0.0
0.0
0.0
0.0
0.0
0.0
0.0
0.0
0.0
0.0
0.0
0.0
0.0
0.0
0.0
0.0
0.0
0.0
0.0
0.0
0.0
0.0
0.0
0.0
0.0
0.0
0.0
0.0
0.0
0.0
0.0
0.0
0.0
0.0
0.0
0.0
0.0
