10.015790386805735
9.748524571836656
9.603460559820597
9.424028125502332
9.203894847674343
8.988632941776691
8.769506425095347
8.54731102889716
8.326679983368324
8.109007813125219
7.892980072839154
7.690071520368997
7.4878516643809805
7.299812793383423
7.113025166597864
6.934995336205705
6.768803356128881
6.6061639705179065
6.452099591143622
6.3038538842118275
6.161907007318038
6.025654177251647
5.895676893450443
5.7734401192365175
5.653200954649441
5.537667615507831
5.424375332562257
5.315095947014485
5.2118319895673855
5.111853427529128
5.0119922468328015
4.917389001681233
4.824809255420302
4.735560395566986
4.64956475685284
4.5629128175547695
4.479862569054452
4.40101546349425
4.321957114139322
4.245761168931549
4.170964822927996
4.097805870046944
4.026506418738514
3.957195434611907
3.8870732086578412
3.8197062934611243
3.7551861070309767
3.6890499583642264
3.6242179312821565
3.5622710811230793
3.5010450292764035
3.438988509167686
3.380808877575966
3.322391522144793
3.261346518490025
3.2076721183426127
3.1479814713034155
3.0933069969233458
3.0369729188137637
2.9855621370695955
2.933506127925398
2.880568388676931
2.833677823179097
2.780121932947597
2.7393899043993746
2.6904500542986387
2.637973712190158
2.6012539632923066
2.5552548535410966
2.524659118975511
2.464846151169165
2.4176850554486977
2.4011564867357276
2.326396920808415
2.3098939986818303
2.2675713545084375
2.2159904126648486
2.1293746459341913
2.2014041396413684
2.2579360273506626
1.847090774946926
2.0427622182093557
1.6790116896874685
1.6369261079364354
0.0
0.0
0.0
0.0
0.0
0.0
0.0
0.0
0.0
0.0
0.0
0.0
0.0
0.0
0.0
0.0
0.0
0.0
0.0
0.0
0.0
0.0
0.0
0.0
0.0
0.0
0.0
0.0
0.0
0.0
0.0
0.0
0.0
0.0
0.0
0.0
0.0
0.0
0.0
0.0
0.0
0.0
0.0
0.0
