8.254714627754854
8.211637373414234
7.080175178041444
6.922892533961333
6.3328883127671585
5.688907183435799
5.219367378491686
4.683690617027706
4.2507497128250815
3.908425424472013
3.54321357440649
3.213930860800872
2.9097697236288567
2.637952958781656
2.455160821044486
2.1998821881623956
1.9597179559467564
1.7530718432661208
1.5844694388858354
1.4263134582925472
1.2695070560094468
1.1665263400424482
1.018139979842158
0.8927834498623749
0.7956742651308
0.6614359474720647
0.5912391250770166
0.49254330250720896
0.4101483209688373
0.33956903749698314
0.23739723837904575
0.16545250987128518
0.10604772720985857
0.04421097127593589
-0.01787275697811976
-0.05457919471431224
-0.11670083462065917
-0.17222521986480957
-0.20507635099386343
-0.28683304460261094
-0.3519417372505002
-0.39194667585067267
-0.43230739976472926
-0.4826046642637764
-0.547125917882213
-0.5554398630287048
-0.6202831134779428
-0.6380517591052477
-0.692463238100609
-0.7405484804099328
-0.7712177659938952
-0.8031290434819198
-0.8683758225918787
-0.9108831989623518
-0.9242710608600478
-1.0031680795347686
-1.0404802328343277
-1.0371429927100668
-1.107811049731921
-1.1918213693649582
-1.1005012357928798
-1.1187843612463282
-1.2972517186318409
-1.2756576005436653
-1.0964438082518757
-1.1357459040253073
0.7640757030910915
0.0
0.0
0.0
0.0
0.0
0.0
0.0
0.0
0.0
0.0
0.0
0.0
0.0
0.0
0.0
0.0
0.0
0.0
0.0
0.0
0.0
0.0
0.0
0.0
0.0
0.0
0.0
0.0
0.0
0.0
0.0
0.0
0.0
0.0
0.0
0.0
0.0
0.0
0.0
0.0
0.0
0.0
0.0
0.0
0.0
0.0
0.0
0.0
0.0
0.0
0.0
0.0
0.0
0.0
0.0
0.0
0.0
0.0
0.0
0.0
0.0
0.0
