8.206246724259225
7.963954828866582
7.374646063008632
6.820959443234547
6.05938939453215
5.438478162723057
4.832104738596897
4.425353361754934
4.038868253867306
3.6501460879188015
3.2503391574579426
3.015656559042229
2.632874107851585
2.427329398662324
2.1851120304932654
1.9732510734723956
1.7621609916837828
1.5700486857009086
1.4010320534115612
1.2549141067001859
1.0991772725014435
0.9788472863685065
0.8852086977564403
0.7491526316872612
0.6423098148197812
0.5586899052628018
0.4954424126338274
0.3844026542643156
0.3000638411134458
0.25316212860478793
0.17081885621656598
0.1109034332557936
0.04473354949581771
-0.009104646836739668
-0.06528241396692167
-0.10902425967502866
-0.15441435356490169
-0.20839230242847448
-0.23402445363124272
-0.28631882620550964
-0.3266955167540519
-0.3527475026312115
-0.3744584887592061
-0.413434745483626
-0.43188716594827126
-0.4602503992678174
-0.4597892455864131
-0.5026576674945941
-0.5075981486919636
-0.5367843762845785
-0.564770671024326
-0.5972188304047683
-0.661876265898668
-0.6588660891591382
-0.6799840630170577
-0.708863908287631
-0.7460980962101137
-0.7945731522561361
-0.7596917413974648
-0.8094334119623238
-0.7879769777344799
-1.0951194536463418
-0.9048438028404227
-0.9375132307082326
-1.0580139310235073
-1.2180721389711218
-0.2255020614654299
0.0
0.0
0.0
0.0
0.0
0.0
0.0
0.0
0.0
0.0
0.0
0.0
0.0
0.0
0.0
0.0
0.0
0.0
0.0
0.0
0.0
0.0
0.0
0.0
0.0
0.0
0.0
0.0
0.0
0.0
0.0
0.0
0.0
0.0
0.0
0.0
0.0
0.0
0.0
0.0
0.0
0.0
0.0
0.0
0.0
0.0
0.0
0.0
0.0
0.0
0.0
0.0
0.0
0.0
0.0
0.0
0.0
0.0
0.0
0.0
0.0
0.0
