2.3800797
1.1286871
3.6832044
2.9730897
4.7443376
5.049864
4.708007
3.137778
0.7734816
1.8547553
1.5500253
6.008138
0.43473297
2.472436
5.409171
3.488545
2.363848
4.0065765
2.4934554
5.1693664
4.836616
4.5827203
1.8403007
1.3545518
3.526049
1.9039668
4.630599
5.3301363
4.5469446
5.6179795
0.27670327
5.9373403
2.214781
2.5958824
3.852152
2.156414
4.2635007
0.92606235
2.738329
0.043023665
2.295194
1.194908
5.9780974
0.23544905
5.021554
1.9328835
1.8510576
4.790897
2.988566
4.5856967
3.8432653
3.7557385
5.0318627
2.786604
4.262098
2.9915378
0.065463424
3.0352447
0.22991565
1.298612
5.8667026
0.1838365
2.7037597
1.7988813
5.2191343
2.5819082
5.8252926
2.820336
5.6177006
2.751739
2.152614
5.093088
2.1473708
1.4216831
2.9530241
2.610107
1.7309953
5.7714014
1.5835677
3.3212686
2.1281111
2.9136205
5.081001
4.1567903
6.1585746
6.003601
2.0808878
3.947322
3.7862504
0.65714145
1.0659016
5.1739078
0.4578056
4.5805626
5.004261
2.9426346
3.528611
2.4484074
5.800888
3.687522
2.215095
3.532281
4.4792547
4.7133646
2.2106109
2.9085078
1.9776975
0.36412024
1.1719761
6.191821
1.78912
2.2629967
3.9432871
1.3758886
4.4327054
5.5789185
2.869942
4.1210275
4.7984347
0.8573804
3.4034045
3.2099645
2.616848
0.65968025
2.483215
0.3919101
5.6256437
2.7974625
3.4793763
1.8257331
2.958089
4.6791744
2.0795925
3.7308035
0.922998
2.1766803
4.383853
1.283141
5.968144
4.3043537
5.9475994
5.275344
2.7873514
3.4730766
0.1034791
4.4940934
5.746332
2.2575927
3.2536678
1.057436
2.1073225
1.4425943
2.5250556
0.4175569
4.508889
0.3252527
4.40668
5.9024773
3.5630183
2.7661188
1.4115014
4.678225
5.282849
1.600117
3.5269573
5.739058
1.7224891
4.864389
2.2527058
0.5939649
3.4979718
1.842688
5.8928485
0.17235887
2.9558084
6.097341
5.207209
4.7762127
5.7776704
5.64614
4.272756
0.57218874
2.4047725
5.872105
1.36273
3.671862
0.65091455
6.1463275
2.485745
0.88346195
2.745463
2.2988365
3.0959203
2.0465918
0.14455177
3.8882692
3.0557778
4.298588
6.063123
5.2985187
2.509357
2.7919831
3.917147
3.6318927
1.3713233
2.995783
0.98755795
4.428625
2.9963229
0.30665419
4.993548
6.178572
6.0347614
4.57913
0.19801426
5.6426916
5.934488
3.501566
5.667346
5.9451833
6.110313
0.18870622
5.130436
2.9876914
4.1443014
2.086392
5.1628485
5.7184296
6.1897345
0.67762434
2.711748
2.0317566
5.5541115
4.874181
2.8939533
1.2443093
3.6604593
3.5775213
5.672354
2.2439623
3.9040437
3.9486449
3.147355
5.3017406
5.7809553
1.6279339
0.8856879
3.6321607
4.877281
2.9150143
4.538833
2.916783
3.635246
4.572595
5.671703
0.8941137
5.2471037
4.231135
4.4867067
2.3773727
5.784651
4.024604
2.436332
3.7363224
4.865971
1.0831983
3.8074822
2.9113555
3.486093
2.399218
1.4438972
6.0985208
0.018873831
6.1086125
3.1333609
4.0310984
0.66978264
3.5521884
0.19511849
1.214189
3.702106
0.4771825
5.9462566
4.4579773
1.7172645
4.054831
5.552548
0.4091773
2.341836
4.2477
5.0450797
2.9035015
1.4351212
2.9564073
6.275257
3.2662868
4.0841637
4.738991
1.695867
3.0545738
1.2524427
3.5522265
4.972988
2.847406
2.777685
0.29049045
0.83172256
3.4490643
1.417945
5.879933
5.4442973
2.3185475
6.113657
4.5646977
0.6972411
2.918421
0.45408216
5.959524
5.6179614
0.44270313
3.7011504
1.5698149
5.653522
1.4381622
5.744469
5.7764764
5.444103
2.7138588
2.1868327
3.7443748
5.0914044
2.3150303
3.313967
0.44892725
4.510413
5.076392
1.6687877
2.8619013
4.975584
0.70000523
3.6887128
4.327045
1.9730182
3.830503
5.5087457
4.1281085
4.2473297
3.270151
5.5145507
2.9828064
3.431498
4.612864
3.3538527
2.9717047
5.24726
0.127878
6.019638
5.8321033
4.4757476
3.903213
2.4054656
6.0164948
1.6945181
5.0480633
0.75078267
5.623642
0.6461729
2.460957
3.112592
3.3708105
0.13802285
4.3169584
2.5887406
1.1089579
3.2677805
2.5363476
2.8564093
0.34044072
6.060651
4.569045
6.138522
5.0897927
3.2903464
5.067191
1.0946925
5.8029165
0.97812915
2.0556324
3.4088895
5.1908216
3.0451398
1.3641447
1.6631505
5.517162
4.2920766
3.451279
5.8727865
4.615293
3.0142877
4.3688536
5.165447
0.9247201
6.100004
4.940944
2.4766033
2.8914006
4.810372
3.8030345
3.2438395
5.1156983
4.103428
2.770211
1.6207335
3.6289992
5.140356
5.7543135
3.1536257
4.0184216
0.5525552
3.0473742
2.280033
6.0837364
0.6140382
3.9838834
2.5387392
4.9496226
0.29331967
3.7960572
3.8947675
5.333148
0.636422
5.7020183
2.7450511
4.770677
3.3499227
4.4691367
5.1423507
0.6855256
5.1046696
3.9549258
5.282947
6.1738644
6.012773
5.406186
5.394403
6.225848
1.3593401
3.6108708
3.104096
2.9747875
5.990085
0.8626408
2.7602448
1.4063234
4.303911
1.8527689
3.13081
5.873889
1.721875
2.675993
3.531552
3.25068
1.8137655
0.7933149
1.66775
0.3645749
4.644354
6.137651
6.1027327
0.41659918
0.51134074
2.1859002
4.8046694
2.6246793
0.42929694
1.5634513
5.2153506
5.148632
3.2792418
5.947454
3.291174
0.20994198
3.582211
3.9069812
1.8856877
0.2625553
5.7555065
0.052050542
1.3276299
4.373933
3.8910716
3.1159198
1.7129208
0.023822032
4.971852
3.3486342
2.209107
3.927856
2.6438804
2.9409437
1.7337134
0.06993145
5.8834505
2.811553
2.8711464
4.41379
2.0856295
1.2109874
3.3291795
6.0980597
3.8892393
4.5862427
1.337999
4.920802
3.422863
4.9170732
2.8499436
1.7719425
5.666116
6.078785
3.3861885
2.617424
4.2528744
4.0993376
2.7228026
4.355408
1.7916588
2.568275
2.5318973
4.010591
2.6721356
0.63427585
2.691362
5.8596497
3.4179149
2.87202
3.0435808
4.6865177
5.2890253
0.31274277
1.8571478
0.20667887
5.830565
5.519254
1.9058306
3.6359417
2.4355838
0.45929024
3.5322628
6.046077
2.0953534
2.3090613
2.2179503
1.5907679
0.08345205
1.4459214
0.8614734
3.0897753
0.9167075
1.5072827
2.687984
4.430092
3.1407855
2.5476167
4.5684023
0.69321126
2.2256737
6.021881
1.3472222
2.8754182
3.1818876
3.0023193
2.5363734
0.7399228
2.8132696
2.7544897
1.6106255
3.985912
5.434792
5.090073
0.13762681
3.7663543
3.2290862
3.1674042
4.3913207
2.6655843
3.1211047
4.230427
1.6745899
0.5233781
3.9330497
1.9320554
5.8951597
6.2013574
1.1272428
4.220269
4.423072
2.8990808
3.8757966
3.2618527
1.3630614
0.17502618
3.7487876
1.5709333
2.6759164
2.9421346
2.07683
1.85606
5.207101
2.7604723
0.44045526
0.62387383
4.240114
3.379264
6.276469
5.1377387
0.6136222
2.532439
4.4178452
2.7053528
2.0704205
3.047292
6.0767837
4.1514826
0.27262127
5.7934012
1.994845
0.7674628
1.1616988
2.0378141
2.1134794
0.00022119605
3.0193279
0.12405026
0.2306881
5.636505
2.167079
2.907048
0.011421719
4.198411
4.3330636
3.3514185
5.080325
2.817009
2.733056
2.9106534
3.175469
5.438463
4.082493
1.7287157
6.216822
1.5391548
3.7124465
5.688202
4.411969
3.0873299
2.2671363
0.07428201
1.2577151
3.2313848
4.77539
3.1700764
1.8767899
2.6177888
4.585247
0.3995711
4.395799
4.576583
3.2509394
2.2610052
6.116787
3.8338857
4.4682417
4.1786056
2.3621504
0.58573073
4.9940553
3.593481
6.099012
2.9910681
0.143714
0.954152
5.934666
2.652151
3.9106317
4.059759
5.8086305
3.6333046
6.000356
1.51845
2.6532774
2.2398694
2.0923007
1.6590306
1.9877058
2.7117953
2.7866137
0.89839923
1.5645871
5.8768926
4.853625
0.1931146
5.6183734
5.7914677
0.574611
5.949654
2.776402
2.7958925
2.092976
0.2727282
0.7170022
2.6288905
4.772074
0.7755974
4.332342
1.6979691
1.0164645
4.383977
2.6113377
4.4944525
0.85010594
1.8946584
6.0383177
1.2045379
3.9605453
5.7648797
5.4442186
0.1029403
5.3865423
2.8785336
5.580604
0.13614336
2.8594053
5.2674017
0.1624762
4.6451945
3.1348546
0.81161284
4.0187263
4.311617
3.3551652
5.8795996
3.4374187
4.4756165
0.33587238
1.0804482
3.8724113
4.5710273
2.3957682
3.3407228
6.272576
0.5113745
1.1140386
2.391313
0.09358441
5.6235948
5.1472526
0.66514456
0.49370492
5.2065506
1.3187041
1.9435711
2.4928944
0.5401403
2.176534
3.6369736
2.9687912
6.033229
3.6528454
5.7760606
0.76715815
3.1514719
4.739467
1.0038466
5.4596434
0.3963221
0.4453722
0.1993277
4.478187
1.398833
1.3383012
4.41281
4.5314684
0.41939726
0.36485136
4.116444
5.0238695
2.7868536
4.5875397
2.109209
5.4183607
0.018265253
2.4144523
5.8101172
5.888629
3.6813161
0.5568912
0.43183118
3.4892325
6.1238995
1.1441004
1.3271372
3.8472152
4.5304503
5.354827
3.970855
0.21856096
2.1234355
0.8100353
4.2727275
2.4769616
5.51793
5.827281
2.7142909
5.67765
0.20160048
5.2374883
5.904124
1.6623399
4.8365664
4.23999
1.7557622
4.119531
3.352695
2.0517776
5.902764
0.572744
5.621352
0.33652171
3.7735717
4.2104325
2.2234962
5.904708
0.85398954
5.4933887
6.071246
3.746347
5.908918
0.3119753
3.8567712
3.9250343
0.9690578
2.499961
2.8598313
6.0055604
4.2609715
1.5234427
6.091645
0.9376042
4.01359
4.4581294
1.7726054
1.6611214
0.4118841
5.2735453
2.710978
5.7900653
5.313821
4.122545
2.9009676
2.8977063
0.45301098
2.9950159
2.0568168
2.9905984
4.6022444
4.0779014
4.838153
1.2638248
5.7885237
5.1483574
1.3844842
3.2535398
3.9187193
3.6698081
1.9691346
0.24120139
4.065884
3.583543
2.2338083
2.2719684
3.1926057
2.6045961
0.6768608
4.1474648
3.261485
1.3624338
2.0300908
3.9581647
3.5178459
5.167942
0.48337695
2.6993315
5.073538
0.68589205
0.22636332
1.8948824
6.2458096
0.8090742
5.3330975
1.4643356
3.0451844
1.8429779
5.380011
3.587281
3.361226
2.691197
1.6058881
2.4953554
4.4054313
4.7875247
4.496718
5.7892475
2.8807366
5.4872565
4.909503
2.4073038
1.4726064
1.7709693
2.5598464
5.998461
2.1313822
5.536097
5.43999
3.6034448
4.801148
5.582809
0.63945633
1.3970176
2.077486
2.4066844
3.6233063
4.475997
5.42642
5.4719186
1.969507
3.2181635
2.300516
3.3949044
0.85635424
3.642046
2.05982
2.9175913
1.2540396
2.2373633
4.957704
5.3763666
3.0913324
1.8290805
2.995119
2.8938327
2.121253
4.263462
4.6817155
2.8842766
4.296503
2.1992064
1.1126794
3.7848382
3.394034
5.035972
4.312469
2.1067374
0.41176736
3.5477157
3.754772
0.86703855
1.9528967
0.2651634
4.86122
2.3104758
1.3284513
1.7494944
5.654796
5.1925035
0.75381947
2.6267421
3.8568954
5.5747156
5.782925
4.089382
1.5243833
3.9492018
0.9533596
2.4802985
1.5165728
1.7817092
0.21922772
5.621993
3.1654117
4.4450836
2.5616472
5.567944
1.1506108
0.37616736
4.5950904
5.343667
0.5836594
3.1264117
3.467849
4.1020837
0.20398393
2.9652097
4.6560707
0.36120486
1.9313142
2.5633864
6.00632
4.617626
6.0569196
6.200988
2.4279547
1.4394311
3.1810734
4.808091
3.120103
2.931891
2.0613024
1.8410476
5.6178436
4.6569004
5.026822
4.939114
2.879141
5.7319593
0.54173756
4.3974767
6.1636133
3.8552177
4.606319
3.2403502
2.0750217
2.792105
2.5120544
5.921876
2.003953
0.2804127
3.6056218
4.044464
1.9189454
2.3111515
5.7454515
0.5453141
2.7913973
0.23738164
0.30941758
6.1781425
2.04538
1.1389318
5.539502
1.2453965
2.5832584
4.1196604
1.7002971
3.3387775
4.701958
2.3767304
1.3203747
3.00929
3.5977535
0.08383609
5.316766
4.960964
4.0682693
2.8321352
5.20676
4.6304865
5.571169
1.265406
3.6358955
2.9893365
2.078945
2.9147875
0.36700144
3.8012292
2.3446212
0.96852046
5.330705
4.3641906
5.309717
0.63966054
1.968992
0.31338385
5.1061573
4.961523
1.6796708
3.6490495
3.2161927
5.1048455
2.8852046
6.11005
5.949333
3.3380475
1.6182085
4.9281936
1.3183956
0.84507316
0.25203207
1.4193604
3.5966232
3.5014508
0.66610247
2.2245932
2.275713
1.3872465
5.6221123
1.2848196
0.084758535
2.971112
5.4031124
3.0628748
0.48614237
0.76547974
0.57509214
2.7167907
2.124151
4.852285
5.7647257
1.4819272
3.3813117
5.647365
4.6900105
0.9211213
2.0453742
0.51938117
3.8548949
5.6887527
2.3012702
5.9073787
5.2055097
2.5018065
0.20358872
2.115036
5.6470947
3.0092764
0.5979607
5.953307
1.8853625
0.55653644
2.8620079
5.514378
2.7376556
1.3097289
2.753151
2.2866259
2.8835158
3.404313
0.62435454
3.4414217
5.387275
5.529603
2.1852052
0.15111782
2.8266683
0.24354766
4.879434
5.796064
1.4881077
5.6779475
0.71422863
3.4468699
6.1549864
1.443194
3.943247
5.4944806
2.5569696
0.14243689
0.82933503
1.2672447
5.7974896
1.9744724
1.2779934
5.2189364
1.1112273
2.6173613
6.10824
3.0541775
5.147779
2.2753446
3.7887938
0.7222633
1.5468624
2.3215325
4.8960433
1.6297582
2.0492742
2.4040325
5.3691187
1.3746485
2.342703
4.6753173
5.1711454
4.8847256
5.4189878
0.22420178
2.6330695
5.0387573
2.4542663
2.1418002
3.4929075
1.9937685
0.2717297
2.203737
4.617357
4.867766
2.6044655
0.9776622
6.1202497
2.6532671
0.106485575
5.912832
5.1250043
5.034586
2.5675263
5.421246
2.5712326
2.4002094
2.9536853
6.090193
1.3831841
1.4079777
0.4333852
4.0458646
2.630128
3.3323698
3.2363474
2.6764636
1.1909597
2.1945207
2.0267196
4.8572254
5.0064173
3.919827
2.104951
2.091894
3.161464
2.9002848
3.3345072
4.5654025
4.3293996
3.7556574
4.6542916
5.8609533
2.6590343
4.761426
2.6634302
2.3015487
3.1397157
0.7685184
0.32633027
5.2683473
4.1620545
3.4417186
3.516751
2.1556478
0.88158697
1.0999354
0.22986303
5.0100064
5.189998
4.200374
3.7513328
4.5218244
1.9358958
0.75375617
1.0956814
1.8063462
4.006125
3.4908948
2.5253384
4.3935137
0.42328462
2.9055474
3.5275283
1.0300933
4.686568
2.7201488
2.2742574
4.06039
0.75675035
1.3351082
1.1892473
5.3497543
3.3505652
4.530152
4.970013
2.285229
3.2109952
4.842441
5.8594623
4.935804
5.654746
3.7690523
4.4022217
2.1226656
0.89759314
2.8328323
3.2680523
4.551091
4.528317
5.4635434
2.779776
3.2704096
3.4715195
3.1643796
5.8763423
2.5214028
5.846961
0.5067373
3.6563323
5.7294345
2.3694682
1.6890436
5.45516
3.6808212
6.275139
2.4838376
4.2295976
2.2341478
2.468049
2.130158
6.2193804
2.6184037
5.9161177
0.069851704
1.6481118
4.241001
3.3778234
4.9620767
0.78659457
5.547177
0.93145454
2.9036481
3.556703
2.923412
2.1631439
5.4753375
6.116171
5.663973
2.805297
4.120683
0.027167864
5.4976535
3.024553
4.1799655
3.0542808
1.4995632
4.24166
1.9398918
3.5287297
2.1237602
4.6089277
2.8750556
1.5067344
0.53065133
3.5222762
0.79005235
0.2963827
5.2597346
6.235303
3.6906464
3.7950804
5.3160152
0.528998
2.892069
6.1706963
3.4395719
1.5101507
0.7458589
0.3367362
0.030790728
0.6488642
2.7960458
0.822544
5.457966
5.2385445
2.008716
2.1663978
5.420249
2.4727068
4.1876903
1.5456767
3.2446434
1.907211
4.7288775
0.6750713
2.203659
4.630837
5.5847464
0.35029298
4.3921227
0.27963462
2.5999389
5.2230706
3.3834693
2.458465
4.541954
0.5025381
1.6239965
1.9864101
2.341892
0.47906598
3.3283951
0.8759633
0.31635976
4.6418257
5.301497
0.55554575
4.73796
0.89660925
6.1714473
4.359339
4.106293
5.754749
1.5899466
5.08996
5.7159214
3.0385807
6.1377964
0.7399018
1.5664158
3.9554517
5.374108
2.6249008
3.1069381
1.9839324
3.6984103
3.4423223
0.47146046
5.676449
5.309757
2.3954506
3.2224345
0.6159374
2.2840447
1.4211813
2.3915508
5.7705297
4.301585
3.5335097
4.792399
3.2049372
4.1963515
2.2253299
2.8838933
5.4037156
4.2048297
4.777586
2.9029746
4.3157806
4.591252
5.684036
1.9097869
3.0385942
3.539953
0.5783781
3.1505287
3.307415
2.1877453
0.53816724
1.7843784
3.251094
2.6873703
2.1330607
5.314168
6.2172046
5.9144425
0.8512565
2.3727748
5.3638654
2.9140995
5.0963235
6.108682
2.7067497
1.314344
1.7229605
0.9025382
5.6293483
4.110361
5.1739416
0.9403785
1.694772
2.1868114
4.5323625
3.3166168
4.5863314
1.0730522
1.2247835
2.101784
1.3675865
2.5000687
3.5949574
3.919752
2.6840506
0.25843894
0.0066893506
2.2746568
1.5464934
3.813801
1.7003607
2.3317628
1.68706
3.0803177
2.885142
5.0280313
1.8384212
5.363907
1.557397
1.1787252
0.473964
5.233257
1.1660565
1.951991
5.9215355
4.827431
2.4834611
3.1286013
4.307951
5.261248
2.4541314
2.617676
2.8079212
3.3385894
5.3710837
2.679878
1.3677119
2.8057914
5.37459
0.46901077
4.9285274
0.3358179
1.9092805
0.36598614
1.5429004
3.1024659
5.1010747
5.643965
5.821885
3.0545917
0.4733569
2.9927504
2.6282854
0.061294127
0.029279929
0.5047239
1.7165624
2.0795617
3.4095635
4.250037
2.21454
4.4565926
2.3771186
5.324666
2.376627
3.2178652
2.5775564
3.023911
2.1404002
6.17522
4.027201
4.2066164
1.505435
2.2672184
1.5328248
2.8931115
4.859667
2.0774052
0.4993453
0.1784746
6.146332
2.564857
5.318302
5.845144
1.1413823
0.4879517
5.584266
2.3890743
4.4932375
6.109672
1.7582283
3.0066612
0.01763068
5.2616897
0.13550636
4.712214
4.2559977
1.6080835
3.669183
3.4516716
1.6694504
1.2595806
3.959194
2.2468863
4.2427416
2.967914
3.1691964
1.4082906
5.2285476
0.49468023
3.1422405
2.0816116
5.5765185
1.1186539
2.216216
4.2856646
4.987494
2.4696271
3.9240997
2.5517101
0.40437612
3.3289921
5.8764896
4.096088
3.5395045
3.495929
6.1422315
2.5373125
3.8060145
1.474212
0.9435147
1.4910471
0.06300123
0.39851817
2.8559353
4.9643764
2.5060265
3.8249443
5.1335053
0.016472613
5.654393
5.8945727
5.1314135
0.6261443
5.711615
5.129202
0.4755167
5.594378
2.4225247
0.8426332
5.4866657
3.162801
1.3722175
2.9767034
5.7578287
2.8089857
3.4181192
0.16164318
5.001914
3.0251014
4.814564
2.2379446
5.644914
5.2621174
3.5241966
4.473211
4.666932
3.8988569
4.9660497
6.2081037
1.6329732
5.591391
2.3409224
2.4301035
2.1325738
5.689638
6.088989
0.22856987
0.8763561
1.4615479
3.2640097
4.550416
0.2589578
6.1796293
4.832429
2.4158084
0.6173714
0.9343493
6.1921597
1.4732393
2.4367294
2.2930171
0.9159702
0.12763727
3.6374636
0.6808531
2.69363
1.4286747
3.1851542
1.8328774
6.0700765
1.2560278
2.5951812
6.0380235
5.169369
6.222209
0.04628953
4.564877
3.3409464
0.35362068
3.0292747
4.101723
2.364272
5.1156516
2.6131332
4.994769
2.7855756
4.3350606
4.6424103
4.2976093
4.977974
0.4050694
0.9744541
2.7095022
4.2495146
2.9429278
3.1003046
2.5045643
1.1078321
1.880267
0.49571505
2.4758053
3.2372172
3.1358435
5.199074
4.58631
0.7495456
6.1278667
2.3381352
3.2240803
2.5931761
2.0259874
4.4527726
4.41055
0.024510527
1.355125
4.2730618
5.061462
2.27201
3.3122108
0.45626262
3.271991
5.2682996
2.129583
4.0660334
0.61990637
4.53691
2.7021651
2.6174765
3.2475271
2.243503
3.4249952
6.196159
2.4761589
2.7489111
3.7552402
5.458886
3.0084558
5.570574
4.515016
6.0158463
2.8817852
3.117967
2.9703622
4.8040614
1.5126897
4.7736044
1.4643575
0.08262261
0.026190855
4.6276207
4.018609
2.5470874
0.27352378
3.013057
3.5703697
3.2624724
4.0200973
5.895784
2.143437
5.495626
1.308865
0.36038312
2.6794708
3.052845
1.9239366
2.6496959
2.8290784
3.2490685
2.792129
5.0876184
2.1309686
3.480517
2.3952544
5.544389
2.1111994
2.964795
2.8490803
1.0455066
2.9376895
3.6389296
3.1912537
4.6974134
0.26284143
1.9990631
0.050398078
4.4426713
1.0944966
5.0256295
3.4588182
6.0613565
2.7966783
3.6156418
2.393632
2.5835664
3.8540196
2.815963
3.0209568
3.5596812
4.333642
5.749636
0.41958782
0.49146923
5.73652
2.1202848
3.32596
1.1359507
1.3647181
3.098808
5.4280024
3.0477798
5.326131
2.0313778
2.1233776
4.830325
3.7251592
6.0788326
1.2263422
2.2908819
1.9863638
1.8226644
2.9444644
0.14015615
2.8656688
1.7810273
4.393291
0.99566185
1.9269109
2.6373887
2.2696478
2.074902
4.2756186
2.788003
5.947365
3.1715305
0.77493286
3.125856
0.6849326
1.6932594
0.9794877
0.73871493
5.335357
4.10978
0.5682189
4.4403825
4.225618
5.359917
5.6506767
2.9629333
4.341511
4.922304
0.35935733
1.4612743
3.3442118
0.18324181
0.44530305
0.4754419
3.3074164
4.1730967
4.638153
6.175815
5.1260357
5.6291986
3.0419075
0.66944885
6.114057
0.72045344
2.657247
4.8679767
3.9912786
2.6947954
3.0587494
1.0603076
2.0099182
4.611282
6.124553
1.6197227
0.6496268
5.7282267
4.503029
4.249473
3.505599
5.3065586
5.3818207
5.983018
3.6191525
6.276117
4.111906
2.5798137
2.4368982
4.4743705
3.4008162
1.5029417
3.5339637
0.8398484
0.7078165
2.3346362
5.7006483
4.1898584
3.6125624
2.021487
4.936882
4.177416
1.8164772
2.1899729
4.8157287
2.1798005
4.1389756
1.8878396
4.3981934
0.9006453
1.1774694
3.5199993
2.0212517
2.6892726
2.8079545
0.89559495
5.6234126
2.5614755
4.383555
2.9622605
5.831534
0.49916258
5.667473
6.1850696
5.1633964
6.066945
3.6785936
0.11856161
3.5979793
2.1718826
3.489186
3.5916288
8.067724e-5
4.5128164
0.32300034
5.3096805
1.5715605
3.487529
2.6302683
2.7276268
2.572577
1.3536267
5.6138783
3.1201453
0.4320117
4.8191743
5.8370304
5.5901847
4.33906
3.3346152
0.8790435
4.30853
3.661012
4.3974295
0.81447196
2.6207657
5.0243087
5.863014
5.303945
4.3016434
1.4940566
2.7013175
4.2002964
0.37372115
5.926072
2.377421
4.7545013
0.33286652
3.9760673
0.5287161
1.6411263
1.098325
0.49318385
3.1291125
2.887444
5.3791585
3.3125784
1.6410106
4.485356
2.1776512
2.5886598
4.734931
6.262925
4.942279
5.5699663
2.8746288
5.4478016
3.7927284
5.389092
5.6409564
2.2023597
2.8286195
2.5222228
5.755949
5.1736817
0.93157417
2.7037103
3.49804
0.55882555
4.295236
2.8236897
5.2188487
2.7842162
4.014273
1.3877207
5.8069396
1.6477972
4.426613
1.8304578
5.4389014
0.33774894
2.6623242
1.3032874
4.4889126
0.123499885
5.284018
2.5441892
4.721326
0.84897554
5.267802
2.849347
3.9371214
2.6589136
2.4838867
1.9427135
5.4282775
1.6717114
1.3083323
1.86587
5.964211
1.8352342
2.134726
5.359984
0.5379054
0.7644979
2.482132
2.3231194
4.595353
5.277174
0.03741869
5.289576
5.316081
5.070466
1.6427193
5.18396
3.3548336
2.2865398
2.2861366
2.8893495
4.701925
1.4001755
2.428951
1.2329237
3.619391
1.2772471
0.48014855
3.8911266
1.4015249
4.8977995
3.0547078
4.744651
0.26988232
5.0195165
3.0505717
2.9165254
2.532376
1.8074327
3.1465173
2.8017466
6.085378
2.7409081
3.230725
0.20363519
1.0160576
2.76672
4.531784
1.6833444
2.0486434
5.2844367
5.570235
1.7103509
4.415456
3.276087
0.17040978
0.77277994
5.6446724
3.0201778
2.4228973
5.3595695
3.5265982
2.2103546
3.6094942
1.3473703
2.051479
2.4032333
0.7558873
2.7224417
2.4831996
0.51921177
3.5219772
0.24788073
5.216606
4.6043296
5.7907147
3.480152
2.672683
1.5171868
5.4453826
5.2436414
3.4741023
0.7960922
1.4711983
5.125975
3.751676
5.838212
3.615113
3.092836
0.10264307
2.716544
4.5629563
6.0059304
2.1766753
2.0159254
3.852088
3.085789
2.6978076
1.0190064
4.047642
6.2186007
6.156469
2.6428425
0.26737767
5.4984655
5.662272
0.1408936
4.0674014
2.7775733
4.511074
5.3412786
1.6998789
3.3475692
3.6465755
3.279991
1.545715
0.37965903
3.348625
2.7931323
5.433729
5.0084305
3.5218134
1.9622535
0.83385533
5.2364583
3.336805
1.2703804
6.034518
6.1442704
5.6542974
0.7601954
5.972089
2.3189876
5.2770634
2.2061193
2.7046614
1.6823303
3.6668565
2.1452904
1.7364612
4.9936767
1.4344462
2.5545259
2.5642748
3.443909
5.7272134
5.20161
2.091861
0.57328486
3.6863253
4.5172105
5.0776877
5.05657
3.591539
0.1727959
1.6262901
0.9150772
5.073746
2.0709288
5.9349613
2.9291337
0.49885112
2.0715683
4.220283
0.5942031
5.6322994
3.082061
2.4896133
4.7339797
2.7637267
1.1380662
0.8237817
0.7414928
4.945156
4.068414
5.590896
3.7465606
3.8763533
5.0096474
2.98399
0.7565763
5.325566
2.3462133
1.2047094
3.2468383
2.7196
5.197813
0.035377093
1.995935
2.089889
0.8421749
2.4116166
0.7489707
4.369803
0.4655199
1.4206854
3.6739902
4.729705
6.1085386
0.5383597
2.3279266
1.5884293
3.4514236
3.4285123
1.6660055
4.9590163
1.3740308
2.7882645
1.0932287
2.4282343
1.3083975
0.9371021
2.916697
5.9126015
2.4614415
5.370626
0.88481146
1.3172789
5.8462076
2.6258726
0.5564216
3.3821974
0.96779907
0.09008194
0.89738727
2.2437813
2.8473701
0.40188208
2.6948242
5.303694
0.8774817
2.7803938
6.0968037
2.316008
4.4434137
2.2055051
2.8988826
5.8225174
3.5959516
1.998622
4.8473845
0.45639434
3.9281554
2.4069781
5.670414
3.1628165
5.294553
4.680951
6.106996
3.0402184
5.530213
0.95480335
5.6274657
5.640235
2.1447468
2.2861578
0.8484178
2.03794
0.90314835
2.9907
2.392357
6.1275153
5.4668403
2.8496783
2.5967407
0.43655705
2.9324064
2.8980012
2.515344
5.8252416
2.6131196
4.751509
5.8808827
5.569263
6.266213
4.5487328
1.1435364
4.9855394
0.10786979
0.18116026
5.807577
5.963326
5.4065437
3.9967525
1.4236035
4.3083205
0.755473
4.126689
2.4505448
4.478914
5.9128647
2.341673
1.2808135
3.9792037
4.7518125
1.2392169
3.3475966
3.6532664
5.668407
4.037422
2.7007473
3.4833927
3.9057264
4.6440043
0.07132485
3.0611727
4.1911964
0.39005414
5.278779
4.58819
5.624138
3.3337684
3.9457152
0.10499187
0.29461104
4.020298
1.6355048
5.2388325
2.0099404
2.0835629
6.2249117
3.7776244
5.3346186
2.3066585
2.825846
5.6669054
2.8804414
3.0702364
0.2659769
0.9897502
4.372018
5.1031985
1.707911
4.583562
2.188306
5.4647975
2.6196759
1.5807029
0.3257896
5.1965246
2.2667363
4.968482
5.941222
5.304854
6.0032687
6.0107975
0.60416394
0.36642483
2.3703067
2.8521044
1.0709982
0.8771751
6.069654
1.1029649
2.719837
5.8425508
4.5458035
6.0238805
5.828593
4.546285
5.3576837
2.314881
1.635202
5.2190948
5.3535824
5.4370384
2.6635294
5.138641
0.26257828
5.5913568
5.5153484
4.7362843
3.6501186
5.1873918
3.689727
