0.81110823
2.266711
5.193192
4.7116036
4.30266
5.8517346
5.4035983
1.5272998
6.1748424
0.68462443
2.6387012
2.356336
1.472024
1.7356066
5.2002616
1.104585
3.7849298
3.1969144
4.8376493
6.120112
4.143187
5.07482
3.907095
6.0426188
1.6192242
2.7789848
3.8685565
2.1038065
0.57151735
5.5381684
3.9954147
3.141045
5.819495
5.5708766
2.3639095
3.022918
0.39758545
2.397858
5.248728
3.1408527
0.86394423
4.5396423
2.4041038
3.6862564
4.451993
0.27836406
2.0054142
3.739379
2.476025
1.4266008
5.7295036
2.8956733
3.3672543
2.2784991
1.3147035
3.926409
1.2007827
2.4257536
2.201037
4.9569798
5.300965
3.002857
5.9002304
1.0200166
5.7108974
5.6055264
5.507986
5.256016
2.6282547
2.7396865
3.552769
3.6963356
1.4593254
6.125539
3.5206332
3.8278275
0.7221572
1.8031963
1.7659056
0.21502875
0.5783784
2.9584532
0.9178548
0.06884401
2.1394694
0.24939416
4.5502157
2.4436653
4.5508924
0.6582711
2.7450333
2.3184707
5.760466
5.1795154
6.172336
1.5190651
3.6254234
3.876712
2.3589358
3.19045
1.5156674
4.2018356
2.327448
3.0992572
2.3889387
2.67742
3.9017255
2.9005337
0.45511082
2.298125
5.337248
1.5065004
2.6774757
4.7356553
3.7502327
0.790816
5.502336
5.111398
3.8198283
5.103609
3.5688624
2.5590556
5.355014
3.1818235
4.2136707
6.0499063
3.0918171
1.6568532
1.7345865
1.5635858
6.134189
4.1870356
6.2182183
2.381163
4.5343566
0.65157694
4.7453365
2.8776278
2.0618608
0.38452223
5.159374
3.8001807
6.2713504
2.9076622
5.5515003
3.657058
0.5568991
0.92453945
3.7348826
4.1963367
6.139121
1.6401685
4.2100363
3.4865155
2.853538
2.160451
2.201441
1.8071053
4.1246343
0.95775235
2.9571915
3.9515696
5.821543
0.61247045
2.995818
4.9162326
4.3354497
0.9602148
0.9046204
1.7104353
6.268933
2.0667553
6.215619
4.5567675
5.93192
0.26787326
2.2682176
2.3831742
3.366719
2.5759692
2.599069
4.444679
3.64379
4.680186
0.25271377
1.4339385
2.674182
2.7762873
0.24129272
2.2607567
0.05074856
4.0722065
0.5248539
0.94215095
4.914049
6.0587926
6.138599
4.2379456
0.37250334
1.9439075
2.490844
2.095563
2.2392235
3.5449803
2.661773
2.655476
2.873592
0.58871186
5.406338
0.82408196
4.088979
0.22849618
3.3330758
2.802074
3.6137364
2.8342123
6.0255156
4.8607907
4.914791
4.7280836
5.784211
2.9065008
0.9183212
6.003837
5.2741523
3.9815722
2.6569045
3.3149173
4.957473
6.020645
2.5372286
4.062727
1.038918
5.7149196
5.417212
5.449612
1.3012998
3.6780918
0.15566415
3.9878507
1.8104352
6.210157
0.6967055
4.8668265
2.6118197
4.8780775
0.61670846
3.9311123
4.765034
5.509979
0.5575834
5.6076245
0.13589361
3.6985679
4.806369
2.0857847
0.56378293
2.346757
1.6217319
2.8036394
5.208545
1.8434882
1.8742759
2.9476073
1.2690979
1.2268256
6.0926843
0.24337095
1.7695682
3.0320423
3.9182255
2.331151
2.6631856
2.0931294
5.737876
3.0870938
5.136718
2.7670007
3.5663872
4.3299484
2.561755
1.3407505
5.4597163
5.2983427
1.4254372
2.8106227
5.0003376
5.726856
1.5287535
3.9331918
6.096691
1.165281
4.5913024
3.673638
2.3029811
0.55058426
3.409705
3.8140824
5.0503445
1.6987268
5.7224503
3.5678318
3.762696
1.5383976
4.5787606
5.630604
4.172868
4.6525927
4.816494
2.603378
0.23858997
2.8873677
5.5505323
5.0470514
4.422121
1.5777671
5.7484975
4.242497
0.16270776
0.86319596
2.322892
3.1065574
5.300292
0.78531986
0.5199715
3.421233
0.14466065
5.2303004
1.4132614
3.4594176
1.4511917
2.4762459
3.2845793
0.9408082
3.5311668
6.0200047
0.8302454
1.7433065
0.40340394
5.503012
0.881282
5.6931143
0.0403261
4.9837933
4.8227024
2.508018
0.441086
1.3808666
5.8328204
3.8543472
3.493442
2.621159
0.12577741
5.7675157
2.2613811
0.42636132
2.7543728
4.3193955
0.14723007
2.0196142
0.061192237
4.9729886
2.2680507
2.018248
0.6911896
0.69066375
1.160368
4.67595
3.6990476
4.59667
5.705021
1.0517061
3.089826
4.6032114
0.9827227
1.7158254
5.236777
5.162799
4.44942
3.5346208
3.0815146
5.3537664
4.869788
1.351356
4.8873916
2.5042648
2.2911217
0.019929297
3.4302735
2.7003982
1.5143735
2.6605942
4.2048035
0.5405786
5.1246333
2.2011795
2.6143496
4.6684775
2.526212
3.5880408
2.1340077
5.6577306
5.2344427
0.36445847
2.3763077
2.6612108
1.2269572
5.6145735
1.8023282
1.0140047
5.7032027
4.5850744
0.01145629
4.419806
2.2106564
0.62973887
5.80083
5.8413415
0.16142482
0.8312384
3.4419417
2.305531
2.1695013
2.681978
5.4560847
4.895785
0.51014835
4.441451
6.0521154
2.6599782
1.0286713
3.3318357
4.470695
4.28364
0.49510005
4.916694
2.5023081
1.4521003
3.4365077
2.9401395
3.499094
4.5231457
0.78710544
2.714552
4.9079194
1.7672142
5.937177
4.0932226
0.9094436
6.050705
3.6555858
1.9627326
1.2934216
3.0583699
4.733369
6.241457
3.6937358
0.29712257
1.9152161
5.4916015
3.9908686
0.7169643
1.4988164
2.1778007
1.9182208
5.5963254
1.3718722
4.40276
1.1396742
1.7011006
5.8270254
0.6610816
4.4138136
1.6803617
0.2869717
6.215914
3.7168787
6.099463
1.0191813
3.6634881
1.0061456
5.721551
6.2372875
4.703137
4.2239027
4.0818
3.2701778
5.3199706
1.2661307
5.8481393
5.977586
1.2548436
0.72578853
5.4787097
2.5607758
4.901745
0.67056775
2.6246223
3.9920406
4.7087445
2.6865013
5.2000666
2.1624446
0.8107399
2.1275
5.64687
1.9438374
1.2497494
1.9640751
6.276739
1.7570786
1.4869142
4.688263
1.0762367
4.3375955
5.7319183
4.7314286
4.555899
3.4321342
1.7889549
4.8957715
5.843389
4.6404057
0.68340796
4.57109
4.8253818
4.603459
2.9529238
3.7551103
2.513639
0.09573081
5.749394
4.4822555
2.8575587
0.4037083
0.64412653
1.7706823
1.3118801
1.1506313
5.818513
1.4053093
4.4384356
5.1853666
5.159958
0.3303661
1.1806033
1.0450954
6.229844
2.211176
5.746042
1.8648361
6.1181035
0.780018
1.3627329
5.4464655
0.8314952
1.9566023
0.6378417
1.3974655
2.9954748
1.7713579
4.594012
3.3968618
4.3067727
5.9147577
3.8836122
5.123849
5.3617043
0.7792102
2.4789367
5.8940353
4.524238
4.7241745
2.2325583
2.3830447
1.5489548
1.7163378
3.1724927
6.0255966
2.0990655
5.566148
1.494901
4.6345353
1.2866316
4.2357144
1.4759989
5.9694734
3.609302
1.909904
1.9866222
5.1994133
0.83122253
4.6641254
5.4415107
5.504343
4.52728
1.3513833
4.2695446
2.2996867
3.4480665
2.5190177
5.405115
6.04208
0.16118725
1.6233847
1.4513065
4.018196
4.262552
2.2266455
1.754495
4.0800705
4.019903
4.451583
4.4699254
2.1156492
2.2346807
3.086574
2.4132442
4.8770814
4.466684
1.8738182
3.0123937
4.9675694
5.86503
3.9847877
5.276423
4.1109157
1.1807921
4.563507
5.2487965
0.58044934
2.0827873
2.4104166
5.489551
4.4566097
5.0959973
4.7141414
0.96325696
2.1492994
5.1344066
5.303775
0.18724117
4.774067
1.509886
3.6202254
6.1203833
2.048629
4.8367195
5.4290495
0.4376245
0.5729783
3.053087
4.224233
4.0577006
1.4293051
5.6874123
2.1660082
5.451867
5.687115
5.6526933
2.7697146
3.9217808
1.8526738
4.6565313
2.7754633
5.7673225
2.9951856
0.55883986
5.6718163
2.6039336
0.29157415
5.945703
0.57647413
1.5470635
3.4245198
1.6975113
2.011493
1.2174456
2.8709428
3.6979132
5.640591
1.7276205
3.9828796
1.4503319
2.8096507
6.111097
2.4979298
4.125114
2.1662226
1.883616
0.87557685
5.614075
6.0945683
6.1830792
6.0665574
2.2509174
3.9332247
0.966917
3.9803326
5.404741
4.090931
0.66320634
5.7114253
1.9732122
3.0992498
1.767211
4.4547844
1.5650517
1.8488675
2.2787845
2.4746475
2.642856
6.2434196
6.14217
1.0234579
0.51614785
5.719109
4.002869
3.1862907
0.619822
4.23102
0.07487569
2.799623
1.6819605
2.229308
5.300967
3.577522
2.1588366
4.8129144
1.5852356
4.8410583
0.68768936
1.7044055
5.7056932
3.547819
1.3513955
1.4742806
3.1897824
2.1708126
1.392952
4.8583236
5.3636427
3.7050445
0.23755175
5.6420174
1.3175695
4.8421884
4.4378386
2.9480584
5.999317
3.2718124
5.3801394
3.8047128
3.6936545
4.1112714
5.14435
1.7730609
1.1905582
5.8074594
4.7089286
2.2977064
0.94519955
4.6667223
2.1909761
5.189701
3.362793
4.057655
3.500999
3.1479294
2.7995572
2.2527728
1.312622
5.106803
2.0996368
0.08288593
4.4717417
5.484843
3.3166804
2.6312392
2.3189204
4.802879
4.6215086
4.569521
5.6010265
3.7790847
2.04551
5.9782476
2.8539248
4.3034196
0.48549113
6.1850142
2.532645
1.9700735
3.0293787
5.246397
4.112856
1.4932288
3.999397
1.1790205
5.109011
1.3689203
5.82191
2.4222198
2.3066795
4.907412
4.296559
0.5735592
1.1035953
2.0687294
4.242835
1.9071996
3.6319637
2.1532843
1.7654233
2.375758
0.67155576
0.4208214
5.33706
2.7394087
2.005748
4.086228
2.8297997
5.776015
2.5889606
4.8673434
3.667742
1.3819617
5.486322
2.8420205
5.216837
4.4261146
2.8835964
5.1752462
1.5345912
0.7720476
4.065872
2.6583242
3.4951959
5.855688
2.6722667
5.9406734
2.4347079
0.18138918
0.9995535
2.919855
2.396292
2.5507824
3.5673866
1.239344
5.970106
1.5346241
3.3681824
5.861233
1.4580795
5.2666736
5.4443192
4.0677476
5.7068825
2.0986128
4.500591
3.948907
4.138214
3.1204054
3.9507496
0.85297245
6.161415
2.1863735
5.9839993
5.7080164
3.3166502
6.0275874
2.717095
3.7138753
2.7934427
2.4873922
2.9720185
2.1188817
6.0195484
0.8201983
2.61488
3.2970555
2.553293
3.4680164
2.4049118
1.5267861
1.77338
2.5973377
3.187602
5.291374
5.970269
3.7125435
0.007870787
1.126996
2.3257205
2.8305545
2.3342795
1.7088453
3.075555
5.680909
5.0345473
2.623241
2.5123405
2.6355708
0.6808397
2.5197496
0.2919724
2.2919192
2.0095074
3.0955322
4.4842534
3.6835163
1.3278123
5.2755136
4.659898
0.35680455
2.4593225
4.167386
5.837874
4.248953
5.4159923
4.1469054
1.8494165
5.903663
2.1141613
1.283738
2.0553553
3.538633
0.9443763
1.6663861
5.1252217
3.1166937
3.8379982
0.6318218
2.5566967
2.4600635
4.2590294
0.8847752
3.8233633
5.628286
5.456301
3.903591
5.9340177
1.678409
5.755239
5.2748766
1.8546788
3.6748257
5.852128
6.227082
5.808917
1.9434772
0.6272564
3.6349528
3.9688265
4.706145
4.195296
4.004807
1.5143092
3.7655964
2.465538
0.90379256
0.43930513
3.1603477
5.689349
3.778027
5.288514
3.7515707
4.7520595
4.6864114
4.020283
0.24735449
5.900795
5.104608
5.1937165
2.2100503
4.0521226
4.03681
5.7697344
3.068255
3.0418015
0.11877168
6.2622514
3.8817956
1.8146577
5.9382825
2.241989
4.2210975
2.7804308
5.0072637
1.7173619
0.5164133
2.1906617
4.8185353
5.7687073
3.77144
4.831656
3.809453
2.3773286
2.5051146
2.3710666
1.5695893
2.2607708
1.4277576
4.1658764
1.9437771
6.1085043
0.12925589
0.08420901
0.48970577
5.1635413
1.672511
3.7994938
2.6013858
1.0058126
4.0069723
3.8617039
2.7905984
0.0759793
4.3526006
5.1685076
4.5092416
5.439413
0.33815724
4.2388577
3.609345
2.9463549
1.5436482
4.0731697
2.2021537
2.0134637
0.6494353
0.05671446
5.4326115
5.357335
3.453155
4.453404
4.043584
2.3089714
5.9085493
4.5177803
2.8379543
4.889013
1.3163632
2.5237036
2.4897442
5.3566556
2.1237125
3.4107857
2.4015355
0.72253215
4.8591356
3.5008404
5.7834024
2.5827124
1.0330873
2.7530384
2.3997629
2.3198268
4.1865172
3.0130866
2.3409672
5.090414
3.8050933
3.0181797
4.9716206
2.4721699
0.6049966
2.367888
4.7980614
3.9351108
2.5928233
3.998419
1.0599694
0.6005602
0.14095531
2.6715083
5.1754875
3.5110912
5.4115105
5.0830736
3.09068
6.0375075
4.184634
2.2351708
4.708702
0.7452448
4.139588
0.2548569
1.5152897
0.8554799
0.55788285
4.8742027
3.453611
1.8908571
2.8023927
5.8782525
6.192313
5.573048
3.0607312
1.7748572
4.2203836
0.803564
2.3767555
2.9476593
4.4505587
5.5456705
0.73020005
5.437035
6.1206326
2.2330093
5.5707345
0.115308374
4.2463484
1.9785515
5.415724
0.54927033
4.2024136
2.8357213
2.8358269
4.147015
6.2332425
4.792592
5.571323
0.68491
3.655754
1.7090445
5.760418
3.7748253
3.724072
1.9572061
3.219562
5.6565857
5.2816157
1.9462706
4.898446
1.568959
5.7385087
0.39344758
6.206985
2.8213947
2.8559597
3.7461696
4.994414
0.58374536
2.2989242
5.5098376
3.3541036
1.1281859
3.7630696
2.0633378
2.611427
3.8472984
2.4440749
3.8675318
2.207897
2.5154693
1.8177283
2.133393
2.4291267
5.280278
2.8378515
2.638616
2.9780736
2.7621284
6.274158
5.527105
3.906099
0.53799176
5.7244425
5.222829
0.11557923
5.731311
3.6631176
4.785901
2.77324
0.9042991
1.2115496
1.9041728
2.386237
0.013484841
3.1245
0.6677479
0.37290683
1.579222
0.43477798
2.52371
2.4230547
0.8502813
4.656165
5.48807
3.7510214
0.9783431
3.5067348
2.7177613
4.0461197
1.6844553
1.9179193
1.8122816
0.2653154
5.7257495
2.737437
2.8925192
1.7298094
0.7966531
3.918749
3.8797388
5.760546
3.0975158
6.0023937
2.3598356
1.6241053
0.996584
2.095059
2.8400438
0.8218448
5.346615
2.9929261
3.603566
0.76769954
4.816134
5.991162
4.64384
5.1860933
0.38961676
4.941087
2.9595487
3.079873
2.2256024
2.3802612
2.1936314
3.9754379
3.7068129
2.2467623
1.6125178
5.3648834
0.284212
5.744635
4.7745514
2.9532683
1.1295452
4.208172
4.888349
2.3145108
2.3392131
4.212752
3.795948
2.639365
0.6182692
1.7505345
4.1320457
2.0809665
5.8344913
4.9314995
2.3174107
0.65554523
0.3556514
5.3759437
2.778029
4.5591273
3.7905293
5.7765374
4.258415
0.47149774
0.41752562
4.3814564
4.260477
6.2807817
3.4238038
3.1302118
1.533325
2.9133592
1.5696251
4.4989605
3.2539806
1.2257291
4.1022744
5.384307
6.189998
5.315611
0.4608492
4.593612
4.8697906
4.914957
0.12241779
3.220228
1.9411018
2.6580572
5.9608717
5.015492
1.1738627
0.30737883
5.0752134
2.3705938
2.977709
2.76028
2.9259717
3.3848648
2.5374315
0.48514035
3.6487677
2.787259
0.8389205
0.74216235
1.4236416
4.41214
2.6579766
4.1596313
5.30716
5.614159
2.8961442
1.1238124
4.006152
1.770122
4.870458
2.9424863
1.1091143
1.2331197
3.1615496
2.5877762
2.2281253
1.0572374
4.34643
4.191143
2.1257222
3.1606352
1.1295596
5.5541086
1.8165699
3.689926
2.3339536
3.6476748
2.4995425
1.0194279
2.2724817
1.6945059
1.8204944
5.851299
2.507011
0.416194
5.0124154
3.3442523
4.291695
4.820664
5.2436213
3.0389726
3.7897656
3.1463716
2.464888
0.2915801
3.7070715
2.2151694
6.059876
5.59769
0.5965409
5.3540773
1.0985049
3.5782573
2.901893
3.7895985
5.1915746
3.9463675
2.4647582
5.2179813
1.1592934
2.4975162
0.3864992
1.6978924
4.789337
4.0805225
2.1942914
1.2504607
2.5335886
2.4712377
1.5852593
3.1582716
2.8917506
3.0143075
3.3411212
2.8835666
2.1468098
3.0294015
0.44042537
4.669111
4.256998
2.027736
4.1945357
3.8104258
4.031994
0.18737996
0.93063927
0.9750488
3.728423
4.4242887
4.851746
2.4731293
2.4602492
2.5500603
1.4816484
0.68113226
1.727137
3.274469
1.4920069
4.56409
1.4013338
5.8267984
5.9425244
2.1886363
2.9773436
0.6015114
2.0806048
4.3240404
1.7857016
3.2606978
4.9617486
4.429687
2.3872828
4.970887
1.2761966
3.1138859
3.1708643
0.6727423
3.1853776
5.755893
3.2064717
2.5649042
3.3843856
3.4110105
2.2745183
4.7424593
5.9282784
0.50116867
4.5826044
4.6281095
5.786763
5.7013636
2.4494898
0.97618115
4.400868
2.9855788
4.3944716
0.81387407
0.83219206
2.3621647
2.4779446
2.5123532
3.5717494
2.2605028
0.8094448
5.4469285
0.98581225
2.4553938
2.5040216
1.6698387
6.0901465
3.7354815
5.883399
6.055834
1.5757235
1.0950886
1.0740064
2.6398666
0.8120727
1.8284461
1.6627847
5.9012575
5.754637
5.337862
1.970542
4.1206107
0.6973107
6.132742
2.4787984
3.0613966
6.098057
0.7184924
5.756122
1.7113054
5.0496593
3.1291564
4.8757763
2.692788
5.1145515
6.255358
0.880897
4.947919
1.1215876
4.9162984
1.1779473
1.8298458
0.32267848
5.178501
3.1814718
5.3717303
1.2276921
1.1763955
3.3937964
1.9555539
2.0202193
2.3222578
0.9953267
3.0461273
4.3424435
0.92778426
2.4148228
5.781111
6.273087
5.0281925
2.730949
1.2357541
1.8904446
2.1921456
4.42994
0.47319362
2.2509985
4.8667674
4.134134
5.7684617
2.481587
6.219295
3.159145
3.0955665
5.3072305
0.19470347
2.2155914
4.3694153
5.943805
0.22035432
4.939045
4.7342052
4.122277
4.1579237
4.2548704
4.440616
0.680072
5.7834797
3.0887282
5.8038287
2.083476
1.10688
1.4246567
2.102046
6.0848055
6.1629643
0.774912
6.2675033
0.48509693
2.048715
0.35543787
3.639799
3.322813
3.4565408
4.1219206
5.100897
1.9792883
3.4673176
6.123721
5.7042513
3.1918626
1.7231077
1.3605543
3.3234303
0.4457009
1.5135096
2.064463
0.028395364
4.418095
3.1849089
4.9923234
5.6033845
2.0696492
2.3111713
4.962665
3.095634
1.4535427
5.790102
0.23619135
2.3419425
4.957824
2.29117
2.8843973
1.3733473
4.3331256
3.894294
0.65756583
3.7796435
2.2908027
1.7583988
3.2998421
5.685916
0.76806957
2.795448
1.0488882
2.8398745
2.7316337
2.6999345
5.288364
0.82516694
2.502988
1.4344506
5.9397616
3.882843
6.142517
5.5269876
0.82616967
1.4636488
1.8077934
4.0332108
2.1724124
6.0048475
2.1324017
6.0209026
2.4910414
6.2015395
3.4884255
2.3364913
2.5756311
2.3466926
6.0692086
2.5227942
2.9048958
2.6390696
5.771288
0.97828287
4.251102
0.32430238
2.0787425
2.3081734
2.219345
3.0335402
2.4158902
3.1557264
2.291349
1.6786222
5.619371
3.8066337
5.5969396
2.594568
3.1492443
2.0127144
5.843361
1.6688478
0.8013578
6.11974
3.5397215
0.28070873
4.6527505
5.6141677
0.8560336
4.592005
5.600102
0.76544297
3.575543
0.9056369
0.9979688
4.7893376
4.4026923
2.260395
3.843408
2.966087
4.789728
3.6399505
0.17051089
2.4872515
1.7762975
0.27864707
4.4219055
2.7464187
1.9956654
4.667753
3.6367264
3.459949
5.0654287
5.3923492
3.3232148
2.2691522
1.766982
2.431711
5.105752
2.7190063
5.314978
1.5632973
5.5643516
0.5441899
4.6375794
5.558313
5.983277
2.1408129
4.781186
4.45356
4.8287616
5.7870526
6.1911974
1.9907434
2.663663
3.4066038
4.8509073
0.46661425
1.0484681
0.6229194
0.85263145
2.0586767
2.8801172
5.401777
1.7563272
1.7086437
4.234878
1.5343854
4.1128755
1.3569908
0.21287787
5.523998
3.100606
4.1184597
1.0525123
2.676015
5.661781
2.5779984
2.4110131
1.7240233
2.6888163
4.1967244
3.9452262
0.67436296
5.9435983
4.14195
5.5011153
2.0629914
2.7614598
5.218258
3.9178295
0.07762776
1.5557326
0.32038188
0.6752357
4.4198666
1.6327019
5.9645715
3.9731479
2.8627322
1.8374686
0.9692142
6.2486267
1.1842322
2.5739052
3.0960054
0.55678326
2.440125
5.464564
5.18247
0.7401353
3.7571056
1.7075161
2.8237562
5.7145247
3.9080827
4.80584
4.8763623
0.5952549
2.260253
5.4474697
4.037904
2.396419
4.168645
0.88618237
0.6192467
5.2570033
2.3796818
5.544542
5.217079
0.46515855
2.1959622
3.207166
3.7795744
0.8363927
3.0964828
1.766489
5.8775835
5.037632
3.8783703
5.139582
5.828173
2.297916
0.4762368
5.555376
0.9328589
2.055021
4.2625976
2.8695483
2.2723563
5.8395844
0.73262024
0.83098984
2.7546473
2.077098
0.84904593
5.8925676
2.0856574
1.3398622
2.6357348
3.7818475
2.062582
4.340775
2.1712692
5.986707
3.1745923
5.4163666
5.479967
2.341566
2.962131
2.2689097
2.5099437
1.2870188
2.636481
0.41121185
5.959994
3.0685704
4.7794366
3.5193295
1.9667428
3.5546417
2.272663
6.148764
2.5031502
0.56952524
1.0350814
5.6697817
3.2779973
1.7030616
4.905735
5.533672
3.7817564
5.4803586
0.7662174
6.0330434
1.9889132
4.9771156
2.8221211
3.8127484
4.2555428
2.6766863
4.923621
5.727132
1.7973522
6.197306
3.6395924
5.489212
1.5955802
5.8794484
0.74299604
6.0504436
3.164101
4.764216
2.7272587
2.6863236
0.5022535
4.5446415
5.2769246
1.8311096
6.1840568
0.25830767
5.0582137
5.878703
5.3638163
1.5783334
3.3559854
3.657742
3.408191
6.1317616
2.7902431
0.9326297
5.9418197
3.0600214
0.8619547
0.47354627
5.6766706
5.7928224
1.0728244
5.9609094
1.0123713
2.1090155
4.9402676
3.1224496
5.4453363
4.79742
2.026371
1.2216065
1.4578608
1.1968902
4.408246
6.0069227
5.0915375
2.3834443
1.5741085
0.40273654
4.0357475
4.506533
1.0065627
4.9417295
5.0802827
5.133539
4.610733
2.2980878
2.8928607
2.9554005
3.0902486
5.3627615
1.6581649
1.4516535
0.2253787
1.5340524
0.52355653
5.952552
4.8135967
2.0373452
0.85042274
2.3109856
1.7910535
3.3904943
3.8503246
6.0167975
1.2503177
4.150889
1.6231605
3.722005
1.1265736
0.7827521
5.410352
4.443699
3.9979022
1.2909155
5.837998
3.9077675
6.0711565
1.640313
4.281293
1.952353
4.7095156
3.6132898
0.19490775
2.210654
2.7111275
6.042533
3.1705344
4.2203097
3.3342822
2.4339592
3.1687822
4.6795697
3.89832
3.8914351
1.6693909
3.6873717
4.852098
0.7332071
0.6448132
3.6882782
4.411997
4.388257
4.4479847
1.3386121
2.045284
5.9548526
2.6402016
5.1650996
3.645483
4.4386115
3.0706847
5.8147664
1.5039041
0.7081366
4.8556714
0.41435322
4.0115867
3.0684536
4.286379
3.850799
5.520932
0.34034687
3.7007565
5.6202645
6.0462565
3.2387793
4.884312
2.0390835
0.2935635
5.3551226
0.6263373
1.183288
5.868661
5.6878085
6.194598
2.2770474
0.70491296
1.5431865
1.6876934
2.011366
2.9559064
6.203656
3.6140006
3.8082263
1.8272976
3.8163679
5.391626
6.222738
3.5735848
6.033187
3.2769284
3.3244112
4.9254327
4.691448
0.6543769
1.5195616
4.667078
4.9284163
2.0747938
5.102396
2.5913858
4.6710505
5.6237283
1.566854
1.2367923
6.032382
0.17106049
5.906265
4.5921273
1.8060701
1.7527812
2.2201552
4.21218
2.5966043
0.6507977
5.877533
2.5499926
4.418343
3.1534078
3.4940932
2.777342
6.07012
4.5427485
4.870353
1.4800016
1.0161592
2.1010356
4.636492
0.3149894
0.8901032
2.2620108
6.0630784
1.3896616
3.4277906
2.99126
1.0345483
0.17433456
1.339649
5.5786724
3.4747298
4.061218
5.685967
5.1151195
2.5360818
2.1748023
3.526036
4.475864
5.5105133
3.0952306
3.774562
3.834373
0.92413735
4.7701516
4.3937306
1.9367497
2.2315228
2.03058
3.8828847
1.2629577
5.4351497
0.33750087
1.3898208
6.0107026
0.6160178
0.77988136
0.61119187
3.6560543
0.60587066
0.45226744
2.8601658
0.41731077
0.764772
3.068786
0.13351299
1.5093983
5.8199596
1.7459762
1.2318937
5.232091
4.8431954
2.052182
3.2442632
1.0160547
1.9552649
5.177442
2.7715213
4.7182007
6.0192456
5.3601522
5.453789
5.6969795
1.8157831
2.2006066
2.6415842
0.79481786
1.3413564
1.2664566
1.5117563
3.4242122
5.704743
3.3572564
6.0534267
5.9073086
1.595221
0.58473617
1.1199867
5.0149436
4.815654
2.1620908
4.466313
3.206642
5.079658
2.5285888
6.2814856
2.3216095
0.6927327
2.3637378
3.369597
2.1813564
3.899216
4.9552546
0.44487482
1.8950876
1.1348587
5.2307577
1.5487916
5.0297217
5.950112
3.748807
0.9780867
1.0490978
6.0382195
2.2078993
4.437691
5.9666286
3.0548902
5.581836
4.9753265
4.150818
5.321376
5.4456024
0.8615529
2.1907754
4.3787417
0.9168207
1.2392509
5.167038
2.6268349
3.641546
0.4469596
5.2436304
4.889875
4.3986235
6.045859
0.43720683
1.2386123
2.151713
3.42192
4.9699984
1.9376644
2.7365577
5.875506
4.366
4.663084
5.7456784
1.9623194
1.8773942
0.4949101
2.2135625
3.5418239
0.5260043
0.4140828
0.9884582
4.601855
1.2524819
4.9964833
4.208029
0.21611427
2.4549696
4.825703
5.877583
1.2687503
3.587194
0.40140152
3.6612027
0.7087729
3.1221
0.7513327
2.0674946
1.6505238
5.7332563
4.483647
5.6712756
3.9533157
4.095332
4.057581
5.2622385
6.0059576
2.6030462
6.2094812
3.5934176
5.4349184
1.9595681
4.982028
6.018136
3.7370534
4.9587154
4.8408575
5.9141207
5.2573953
2.9406018
1.908945
4.343644
2.6315396
0.397671
3.8595757
5.933668
2.502021
2.7785568
3.3930936
0.93428105
5.109437
2.2040288
3.3512902
6.241824
1.0665158
6.0521646
2.4091606
2.7956753
5.6400814
2.594528
1.0416626
2.6449325
0.3281551
2.3889604
1.131011
2.7801957
0.61091405
2.4613335
1.6063212
4.3024945
1.5270742
5.607406
2.5268474
6.240628
2.7741792
1.9168932
0.97616476
4.291418
5.7609544
5.206719
1.7804523
1.1759385
0.04162859
2.285153
3.107689
4.3725924
1.8553897
4.716379
2.8385582
3.086283
3.6114254
2.945445
4.338091
5.733895
2.5235314
0.45501646
3.4816468
2.542106
5.1624174
2.302912
3.1606922
0.9200525
3.6896262
6.2213163
0.28969166
4.750696
1.3379761
5.741248
2.8174999
2.2900145
1.0671735
0.36522835
1.9921954
4.7774024
2.1705277
0.2040117
1.0734152
5.0417633
5.876786
5.7608113
0.444854
2.5645626
4.1610527
5.3980227
5.658445
6.0890393
3.9695559
1.5070118
4.014087
5.974814
2.310364
4.0391574
3.379768
0.28425002
3.6759384
4.798726
0.81543183
2.4549649
1.9008569
4.1329584
3.0464556
4.745778
1.8459568
3.5793998
2.1072829
5.903709
5.099346
4.279094
5.692531
1.1723452
1.4583155
1.897503
2.666252
2.5891209
5.2318625
2.075989
2.7409348
4.467357
1.366413
4.754846
1.7714732
2.5579765
1.1671181
3.089028
6.1044083
3.974894
0.82867545
5.115599
2.8115888
3.3086588
1.3942354
0.8058361
3.747234
2.7006817
5.526049
0.58087766
6.045608
4.89614
2.119992
4.306611
0.4724363
2.5815883
3.048915
2.2955515
1.3372471
5.505873
2.070849
6.18733
5.9912453
3.763275
2.769625
3.8952923
4.8389683
0.2965152
3.7119858
1.6300691
2.0013092
3.7285328
5.1048245
5.013237
1.9605924
6.1059365
2.5478625
0.26399663
4.991491
0.611434
5.243707
4.62195
2.0270884
5.52786
0.69756496
1.2646567
0.42418858
0.5697036
2.7804363
1.7637539
2.2519033
4.393563
2.0003269
1.9534826
3.664124
2.2228541
4.701809
6.2046866
2.0769339
5.7614827
2.2326698
1.6878152
0.910551
5.745324
6.251688
2.189465
3.912906
6.089196
3.0938582
4.529028
