3.0405436
3.0736957
3.2230127
3.2034724
3.1749885
3.1244075
3.1298196
3.15702
3.046703
3.1430042
3.1643124
3.1952267
3.0722277
3.2392578
3.0653574
3.1489313
3.197426
3.1289032
3.0581744
3.2068677
3.1733835
3.0920548
3.164695
3.2243643
3.1207166
3.1756544
3.1173635
3.1314073
3.23277
3.0579703
3.0440373
3.156538
3.1403663
3.1534154
3.1165464
3.1613011
3.0903597
3.2157865
3.2230012
3.1355534
3.233358
3.1152792
3.1790636
3.2326992
3.1305645
3.1533566
3.2351625
3.2395213
3.198162
3.2100263
3.2124715
3.0696502
3.0962276
3.0540032
3.1952028
3.166611
3.201301
3.1865082
3.0698621
3.1046338
3.0887785
3.0667458
3.1898587
3.1806152
3.0999248
3.1278424
3.2029629
3.183679
3.1949348
3.1414852
3.153535
3.1592975
3.067548
3.1853561
3.2195716
3.158565
3.1529155
3.1007745
3.2058039
3.0609536
3.0785232
3.1972003
3.168138
3.1939754
3.0735273
3.1246042
3.0900393
3.1234448
3.1711063
3.2167692
3.1988425
3.1228452
3.077075
3.0850348
3.1294255
3.0585968
3.0929265
3.04272
3.2303107
3.1790545
3.0636573
3.1512806
3.1944804
3.10962
3.0730808
3.1328356
3.1392744
3.0758855
3.0793698
3.1653328
3.183858
3.1275423
3.2120345
3.1596174
3.1104462
3.07788
3.222968
3.155068
3.2358603
3.2081277
3.2393646
3.1646204
3.2145255
3.1637907
3.1919274
3.12386
3.1148407
3.1925423
3.1616137
3.1427338
3.140894
3.0801752
3.1856961
3.0566716
3.224511
3.170395
3.1002612
3.0817676
3.1642025
3.1431231
3.1677291
3.1497931
3.1277966
3.0631955
3.1033957
3.1196935
3.2061896
3.1045022
3.0652113
3.067177
3.062996
3.1585696
3.1960816
3.1591463
3.110899
3.0814743
3.2248957
3.2268314
3.10588
3.134732
3.0402117
3.1336734
3.1933432
3.1420953
3.116898
3.0883248
3.1538575
3.1598506
3.2189255
3.1556911
3.0822787
3.084213
3.1027136
3.0875013
3.2267668
3.11932
3.233011
3.0908659
3.1448386
3.044393
3.2108493
3.1033928
3.0978057
3.221619
3.1753056
3.2261202
3.0511823
3.0915306
3.1452463
3.225766
3.0570996
3.234805
3.1585038
3.213541
3.0748081
3.1180491
3.2281785
3.2269619
3.0757132
3.0882711
3.0662758
3.050474
3.203581
3.1214478
3.1105497
3.2327597
3.2376194
3.2093396
3.2264683
3.0447664
3.1692338
3.2225587
3.0525062
3.1342783
3.067621
3.2026153
3.1114717
3.1901548
3.0945065
3.0483418
3.2234724
3.1986582
3.1658154
3.0612373
3.2284951
3.1701596
3.1743011
3.1454744
3.1052377
3.093984
3.209794
3.1097016
3.198024
3.152207
3.1600566
3.1881425
3.168023
3.1023724
3.0440717
3.1724865
3.227489
3.2070067
3.0406065
3.070256
3.1089952
3.2232254
3.1251519
3.1811514
3.2158349
3.1868353
3.1909587
3.1009579
3.2285526
3.2098093
3.094726
3.1296465
3.0696974
3.1088655
3.121545
3.2243285
3.1621861
3.1302989
3.138769
3.1420262
3.126978
3.16986
3.1578188
3.0473933
3.184731
3.0907376
3.0470078
3.0960717
3.205392
3.052672
3.2234929
3.217217
3.13795
3.0838919
3.1714144
3.1174812
3.211996
3.1065564
3.1362789
3.233383
3.1578252
3.123967
3.05275
3.067689
3.1341612
3.1443133
3.1235664
3.2283893
3.1043394
3.1130865
3.1130476
3.1089313
3.1371064
3.1124232
3.2164862
3.1370864
3.0745602
3.1240048
3.0842252
3.2089682
3.152322
3.1623924
3.0697103
3.11999
3.1598465
3.2337425
3.1757941
3.1126432
3.2176251
3.0726845
3.190678
3.2336977
3.0600219
3.1446397
3.1127684
3.0670924
3.0711412
3.2358098
3.0475068
3.0752676
3.1934333
3.070811
3.1272395
3.150747
3.0637012
3.1281438
3.1435072
3.0671587
3.0477836
3.1313381
3.147623
3.1207428
3.1678965
3.1378772
3.1743941
3.1588166
3.1877232
3.1080644
3.1944842
3.1223028
3.066627
3.045195
3.1838024
3.1134753
3.0782218
3.0423255
3.1769896
3.114574
3.2197258
3.0956976
3.223806
3.051809
3.0656004
3.0472836
3.100756
3.0448694
3.1014323
3.0530674
3.2157958
3.0478597
3.2247734
3.128581
3.1306677
3.0827527
3.2354963
3.1082213
3.198069
3.0489693
3.1045463
3.1243174
3.1281204
3.1508174
3.2157164
3.2231793
3.2297919
3.1376517
3.1470845
3.1609578
3.2048182
3.0632162
3.1680367
3.2393928
3.1815991
3.2057202
3.1815116
3.1722686
3.04684
3.1896164
3.1242523
3.1271918
3.236597
3.1412964
3.2214072
3.1497114
3.1871698
3.1025467
3.1976027
3.1960053
3.0842211
3.2275314
3.0976827
3.047233
3.237747
3.126834
3.096872
3.1761005
3.1427352
3.0424244
3.11428
3.111669
3.2386749
3.2109375
3.1138046
3.0758984
3.1569924
3.218114
3.219783
3.2059202
3.218443
3.1920667
3.0511167
3.2226434
3.2382329
3.0531616
3.1531656
3.1798458
3.0400279
3.186705
3.112238
3.1987362
3.1001382
3.1231499
3.1273232
3.0716395
3.2167397
3.1943064
3.0713801
3.121427
3.184951
3.0809765
3.2132561
3.0488474
3.046517
3.1095188
3.141281
3.2336433
3.1810515
3.165324
3.05851
3.1634283
3.0784535
3.1153922
3.0772336
3.1854482
3.0685863
3.232441
3.1683092
3.128681
3.1715248
3.1176229
3.182641
3.12512
3.234007
3.2008226
3.100501
3.2316926
3.2021012
3.1100442
3.162382
3.158072
3.2307165
3.1518562
3.176711
3.1931155
3.0734107
3.2257345
3.099505
3.233929
3.2253566
3.048293
3.1217837
3.1854372
3.1487503
3.0909967
3.1083212
3.196802
3.2370331
3.177531
3.237602
3.1261117
3.2051086
3.1244316
3.1213737
3.169897
3.0539317
3.1410003
3.2044952
3.0585663
3.1758459
3.1894534
3.0498643
3.178026
3.0487833
3.1367424
3.1427755
3.1986952
3.0450106
3.2393286
3.1898894
3.0787497
3.140038
3.2338126
3.1975288
3.1990054
3.0514657
3.236109
3.0744975
3.2142227
3.1354694
3.2061079
3.0556395
3.0546312
3.112792
3.075747
3.1187398
3.2309608
3.2276962
3.2378619
3.149903
3.144092
3.113584
3.196857
3.1779182
3.2200172
3.1807811
3.100428
3.2256687
3.0830746
3.056466
3.101861
3.2124174
3.2134335
3.2076724
3.1824234
3.162224
3.2343965
3.1644886
3.1540926
3.123411
3.1780875
3.0601394
3.1161966
3.0448263
3.2032967
3.0443015
3.114668
3.164371
3.1472788
3.0700555
3.1452398
3.0720239
3.1919327
3.1313815
3.158442
3.0995824
3.0745897
3.2142074
3.2093945
3.0822039
3.056075
3.055369
3.1466913
3.116717
3.1594796
3.1607528
3.082196
3.1432664
3.2078106
3.2080302
3.1613839
3.0424218
3.1631382
3.1578662
3.168963
3.2361085
3.1132224
3.1034863
3.154488
3.1451392
3.1732516
3.14232
3.1959267
3.0695417
3.2158983
3.0665672
3.1659875
3.1002831
3.0853486
3.046858
3.063772
3.05192
3.1136177
3.2308366
3.0567837
3.2263973
3.1762836
3.0967407
3.1666298
3.1323955
3.043251
3.1514802
3.1484518
3.180171
3.2232406
3.1858165
3.114791
3.1633196
3.0828807
3.2225173
3.0588324
3.188683
3.2094462
3.0734193
3.1924596
3.0687058
3.1410644
3.066302
3.2184577
3.0832968
3.1225865
3.1372783
3.1903071
3.1590443
3.0906692
3.0799885
3.1743357
3.1900175
3.1732874
3.2311285
3.188849
3.2189236
3.2006278
3.1949177
3.070747
3.2195997
3.1688614
3.2061367
3.2399042
3.067912
3.194477
3.20728
3.180384
3.2054417
3.115869
3.1333668
3.1941302
3.226203
3.0546567
3.1412916
3.1792598
3.0417504
3.0419016
3.2155004
3.2270358
3.0936525
3.0926886
3.1553347
3.0464048
3.058911
3.1314962
3.1438224
3.1415384
3.234908
3.0777047
3.184715
3.135997
3.1690283
3.2103295
3.212034
3.1637585
3.1673915
3.0787513
3.1783054
3.0728867
3.1836216
3.060051
3.082232
3.0703804
3.1475978
3.0620964
3.0547411
3.1008615
3.0653021
3.1396668
3.2155416
3.1803906
3.083131
3.075586
3.1261532
3.1309428
3.1227863
3.120093
3.1980066
3.2294211
3.1565769
3.0444305
3.0845122
3.193215
3.1347623
3.1009254
3.1187432
3.1516018
3.0548327
3.1029546
3.1869235
3.1230087
3.1465118
3.218257
3.2131016
3.1720855
3.1045356
3.2255082
3.1563902
3.1583984
3.1978006
3.1935997
3.1312456
3.0465803
3.0810068
3.1142929
3.0695884
3.1992724
3.0477853
3.2124724
3.050987
3.132575
3.222202
3.1281164
3.1325552
3.0646448
3.094347
3.1107469
3.2332087
3.0607615
3.0940716
3.1396992
3.183079
3.2022054
3.10573
3.111243
3.111108
3.0581427
3.068252
3.1568472
3.0891705
3.1988442
3.237028
3.218556
3.0940478
3.1170692
3.1500993
3.1262164
3.2066927
3.224282
3.136965
3.0547726
3.1344974
3.2386289
3.2246952
3.0495872
3.205164
3.1301074
3.1185932
3.0710971
3.199789
3.1418483
3.0806139
3.0856261
3.0690913
3.1275313
3.0522623
3.2093396
3.0747044
3.0755625
3.1049006
3.1610036
3.228738
3.1887434
3.1987484
3.2253842
3.1458404
3.1046016
3.2065518
3.1277344
3.1177733
3.1969426
3.1019855
3.1764996
3.1152313
3.0705752
3.0885773
3.1169457
3.195248
3.1874754
3.116064
3.2323315
3.0978975
3.0732892
3.225207
3.2302222
3.2033038
3.130777
3.1440144
3.1686144
3.1543252
3.0417304
3.0649226
3.0524707
3.0823908
3.1508455
3.1442707
3.1346295
3.2173645
3.2285204
3.0828907
3.2372158
3.0709953
3.1078832
3.1155508
3.2397966
3.2165985
3.1800783
3.1634974
3.0926123
3.1180062
3.2193239
3.15858
3.1938276
3.2187746
3.0446024
3.1614928
3.1930473
3.0689573
3.117577
3.108461
3.1647503
3.0490546
3.11694
3.1711924
3.2246945
3.137195
3.2202544
3.1839411
3.1134295
3.2250845
3.0580852
3.230238
3.1540082
3.1563003
3.0927956
3.0693505
3.1469226
3.222452
3.1462598
3.068565
3.1273487
3.0634503
3.098975
3.0415568
3.1487887
3.128825
3.0463605
3.1507826
3.0662613
3.1717193
3.0547063
3.1126068
3.1405776
3.2324471
3.2001593
3.1456034
3.0678065
3.2015202
3.09381
3.2217982
3.0873995
3.1907287
3.1872492
3.151812
3.1232429
3.1552694
3.0536811
3.1880472
3.0731003
3.1578767
3.163653
3.1520593
3.0428612
3.1486144
3.0836935
3.0512033
3.1468945
3.2230546
3.2395246
3.0673277
3.2207503
3.2288167
3.1935484
3.112484
3.0811605
3.1721811
3.1263325
3.1330068
3.1995466
3.133988
3.239364
3.043071
3.0918863
3.0994682
3.1040366
3.167944
3.0589175
3.0714753
3.179143
3.1267872
3.0885916
3.1659114
3.0781991
3.191053
3.13148
3.1529944
3.1929605
3.0469906
3.1304965
3.2361586
3.0527732
3.1543655
3.1608245
3.2321014
3.0855358
3.1134746
3.218895
3.0753798
3.156188
3.1822498
3.0588703
3.2150643
3.110428
3.152879
3.1541128
3.0480878
3.1111789
3.2352836
3.1286688
3.040443
3.194489
3.1367862
3.1096258
3.0871902
3.1880214
3.1165771
3.1915748
3.2040942
3.0741308
3.1584642
3.1787097
3.122833
3.0421543
3.117035
3.067957
3.1192458
3.1069427
3.1187723
3.21756
3.111685
3.0779757
3.0913289
3.21428
3.2292106
3.2370024
3.2193155
3.182119
3.1966958
3.1865895
3.1433883
3.0714645
3.1887033
3.0673075
3.1587954
3.0469306
3.1223283
3.0882237
3.1262097
3.1059816
3.1929398
3.0515187
3.0960612
3.1895664
3.2333717
3.0728412
3.2087076
3.0784016
3.0656955
3.0648603
3.142752
3.120869
3.1254966
3.0760052
3.1528888
3.0963664
3.2015688
3.1390338
3.1859975
3.0452375
3.0547423
3.1257613
3.2348483
3.1624439
3.1750138
3.0663707
3.1595027
3.0894575
3.050087
3.052697
3.0544908
3.075322
3.1259816
3.07103
3.2093961
3.0590706
3.0774019
3.133938
3.1778471
3.091441
3.220328
3.1396089
3.0664947
3.1055653
3.1397116
3.1100373
3.1222105
3.0897326
3.0444818
3.1169486
3.0649812
3.101518
3.0700922
3.1752603
3.2276223
3.0911362
3.139385
3.1976113
3.235092
3.1023352
3.178369
3.05507
3.1901524
3.145553
3.0841956
3.2219167
3.1868236
3.0593355
3.1357253
3.156178
3.1114268
3.2276354
3.0464764
3.2235837
3.2234337
3.1615124
3.0475302
3.1640167
3.231342
3.1667762
3.1906703
3.1595886
3.2030907
3.0441318
3.189418
3.2219172
3.0596218
3.2045913
3.0603044
3.0876427
3.1844044
3.1151545
3.0964594
3.101001
3.1940234
3.126008
3.0807912
3.054576
3.0944111
3.0604532
3.1249485
3.1933706
3.1134639
3.0600317
3.1217911
3.2305398
3.1623797
3.145224
3.0450754
3.0536509
3.1748445
3.2127604
3.2399373
3.146536
3.1495893
3.1395335
3.0868096
3.104424
3.1232653
3.171198
3.0404496
3.1295424
3.1356308
3.2380424
3.1032429
3.2187192
3.1487782
3.096643
3.1466675
3.0692704
3.1237357
3.1131222
3.2356725
3.137994
3.0937536
3.168341
3.2003553
3.141008
3.1106484
3.1146295
3.0479016
3.1952667
3.142704
3.0492678
3.0880015
3.0440927
3.1039324
3.1798408
3.1756423
3.2074206
3.052908
3.0689409
3.1110013
3.1081688
3.1016235
3.0459163
3.072981
3.210434
3.0537236
3.0636985
3.1691043
3.234322
3.1754367
3.1978047
3.0835905
3.1131983
3.0493875
3.1193285
3.1581721
3.1739874
3.2062771
3.1133912
3.0663571
3.1019294
3.2033093
3.0717652
3.2213752
3.077092
3.0974112
3.1767402
3.0836902
3.103445
3.1460807
3.0648828
3.081676
3.0433145
3.0831006
3.2170908
3.1535327
3.1266544
3.225128
3.209332
3.1047642
3.2222748
3.169417
3.1945539
3.2357981
3.0623946
3.0467386
3.0510185
3.0757606
3.2173603
3.080977
3.165438
3.2034044
3.1855385
3.2006834
3.124855
3.1211352
3.094488
3.166182
3.0655923
3.1258867
3.072541
3.1648705
3.0916915
3.1495988
3.238442
3.0640917
3.077326
3.0500426
3.1307826
3.1954749
3.0577538
3.2144217
3.1418405
3.2035427
3.2391899
3.1899567
3.1959243
3.1609101
3.144255
3.1915896
3.1064684
3.1894696
3.196013
3.222998
3.0529683
3.2327588
3.0960007
3.1000917
3.1120982
3.0804741
3.1729174
3.2266858
3.1060736
3.1292791
3.1827967
3.1579258
3.1849887
3.2273774
3.062263
3.0503664
3.1161532
3.1224415
3.046656
3.1168447
3.227687
3.1717088
3.0439708
3.1077874
3.0816946
3.1962557
3.2081902
3.115348
3.0536442
3.1750803
3.082467
3.2079945
3.206733
3.1245131
3.2346675
3.129434
3.1757607
3.0647423
3.1488323
3.1157305
3.0618048
3.2253258
3.216936
3.095634
3.2365417
3.1282642
3.1806293
3.2146192
3.1820526
3.0751846
3.126298
3.0712032
3.0790813
3.106814
3.0647035
3.2156405
3.2368994
3.0537276
3.0685232
3.1953757
3.1670072
3.226933
3.1356604
3.1295292
3.2253022
3.0817823
3.061241
3.1414504
3.040449
3.0850215
3.1815236
3.0963142
3.1305127
3.0707788
3.1688335
3.230459
3.0413425
3.0464654
3.1680522
3.0471249
3.150148
3.1617975
3.198912
3.1792064
3.1067097
3.2332206
3.120487
3.1956897
3.111876
3.140107
3.0694728
3.1728523
3.0555284
3.1821904
3.1884215
3.102422
3.2317424
3.0612805
3.0469491
3.1235492
3.1901798
3.2081363
3.0924163
3.2322912
3.0873604
3.085529
3.237706
3.0469434
3.0916798
3.113829
3.1688867
3.1444147
3.076279
3.2228332
3.091379
3.2030568
3.1328588
3.2163765
3.1471474
3.1082957
3.234652
3.096333
3.1504197
3.113472
3.1276464
3.084197
3.0918405
3.2083569
3.1354795
3.0691416
3.0541608
3.164014
3.1356533
3.1325107
3.162508
3.042268
3.0453355
3.1455553
3.2209625
3.212488
3.123761
3.117246
3.167607
3.1082344
3.1427255
3.132691
3.0474463
3.1256783
3.1369903
3.0883853
3.169648
3.1864917
3.1646504
3.2123578
3.163495
3.1725814
3.1799438
3.0623403
3.0985746
3.1916142
3.1035748
3.1260457
3.0496056
3.1133285
3.1981452
3.0626638
3.1059716
3.1582818
3.0750287
3.129656
3.1633756
3.0454783
3.239015
3.2374048
3.1796288
3.1807218
3.191186
3.1130903
3.122852
3.0943773
3.091269
3.064818
3.2303722
3.1063323
3.1954567
3.1933098
3.1890495
3.0976696
3.1958492
3.1435783
3.0632105
3.2135367
3.1798196
3.186542
3.197764
3.1311033
3.1576772
3.0477903
3.0742834
3.0815365
3.1142964
3.19655
3.1374717
3.0762093
3.1054251
3.123629
3.1738074
3.1073534
3.1503735
3.0498936
3.186036
3.1609237
3.06141
3.0691438
3.0882874
3.108515
3.1993847
3.0417254
3.2120833
3.1424253
3.160265
3.0482094
3.0628717
3.045027
3.2375784
3.0430532
3.1852896
3.1164675
3.2065973
3.1769903
3.1923642
3.1064942
3.2360716
3.1520636
3.1084867
3.1279967
3.1708808
3.1564932
3.1818316
3.1481204
3.1219714
3.1585255
3.2097528
3.1127808
3.209966
3.1381078
3.149448
3.048084
3.0618665
3.1737092
3.1114826
3.0541494
3.158347
3.2341545
3.225301
3.2016342
3.054601
3.219245
3.1012728
3.1453073
3.059402
3.1779947
3.179737
3.0435221
3.0486808
3.2144976
3.0981994
3.0865955
3.102803
3.1215057
3.1986685
3.2264156
3.0515733
3.181464
3.1329856
3.2355766
3.2340205
3.0776167
3.1607249
3.0859616
3.1397393
3.0644932
3.1270063
3.219731
3.1038666
3.11769
3.0451388
3.1597452
3.225775
3.083107
3.0885646
3.1670606
3.1969395
3.143659
3.1432242
3.1012154
3.1017938
3.1912959
3.0497413
3.10322
3.186402
3.120438
3.1310172
3.0857754
3.1178806
3.1904693
3.1414928
3.0671308
3.2204008
3.2063627
3.2146573
3.1429362
3.0809047
3.053129
3.050826
3.2117476
3.0750878
3.0857759
3.1047401
3.230277
3.1616771
3.1292267
3.0429604
3.0541537
3.0550773
3.123476
3.0666745
3.2181127
3.1380954
3.1452098
3.0596418
3.1942182
3.1555161
3.1171408
3.1974201
3.2123034
3.1492856
3.1799984
3.119479
3.116983
3.0599532
3.075613
3.0842168
3.1627526
3.1987543
3.0510013
3.1684237
3.1766195
3.1369095
3.2333
3.0909905
3.2329178
3.2309186
3.2243416
3.1398973
3.0919206
3.131537
3.0419686
3.2055357
3.1709275
3.1948907
3.0990703
3.1666958
3.0844965
3.0614939
3.1350188
3.1032856
3.213031
3.1701224
3.180211
3.1285112
3.1564937
3.1346428
3.0620217
3.1966283
3.0831904
3.2051904
3.1085033
3.2092524
3.2220418
3.1989114
3.0826035
3.0828817
3.1031594
3.11916
3.1245701
3.2209737
3.138554
3.0883553
3.2288666
3.0658765
3.2007723
3.1942904
3.2218866
3.2368689
3.073912
3.2060657
3.1170628
3.2001393
3.2133534
3.226391
3.1475246
3.0567644
3.1598568
3.1278822
3.0886831
3.0789793
3.2341812
3.1578069
3.0447195
3.0891142
3.0889611
3.17992
3.0492272
3.1955996
3.1623225
3.2374215
3.0620472
3.07318
3.0417287
3.134323
3.1157694
3.1008918
3.0979602
3.217639
3.0697734
3.0616517
3.0785487
3.2358088
3.0544996
3.1757112
3.051733
3.202651
3.1538315
3.2186139
3.1593208
3.0878246
3.2223287
3.102446
3.0937138
3.2081497
3.2232096
3.057651
3.1874847
3.1489007
3.2025156
3.2047727
3.1457505
3.046558
3.1982124
3.2152267
3.1123679
3.2190764
3.2340562
3.0732884
3.2378068
3.1273546
3.2134843
3.186471
3.054295
3.0664086
3.1444218
3.168408
3.05691
3.2054381
3.1721938
3.0627692
3.070437
3.2015975
3.117656
3.199369
3.1014106
3.2260096
3.0855463
3.061548
3.173799
3.1294127
3.214013
3.1376798
3.1249664
3.040831
3.1992183
3.1277468
3.1147645
3.0443625
3.2235322
3.0712724
3.2005155
3.1837988
3.1660573
3.2032855
3.0866227
3.0784664
3.1648753
3.100828
3.1167119
3.0520794
3.1180832
3.2185256
3.1933692
3.1486378
3.1456978
3.1701064
3.1331344
3.2374232
3.1789844
3.1476243
3.0844908
3.0776649
3.154551
3.205271
3.0442488
3.183972
3.2147024
3.1372302
3.1110907
3.1698887
3.1914275
3.0542254
3.143061
3.1937654
3.222109
3.1952844
3.195903
3.1559865
3.1361558
3.12264
3.0495398
3.1675086
3.217913
3.2173338
3.1489906
3.0699835
3.1174645
3.1474872
3.2332852
3.0894315
3.2241712
3.0792968
3.0569124
3.0748458
3.0947535
3.1238601
3.1969607
3.2110753
3.2333126
3.185109
3.178124
3.106341
3.159743
3.1595056
3.1807551
3.0512753
3.125695
3.160765
3.147946
3.0890377
3.1029308
3.1424506
3.1494136
3.1884713
3.1574955
3.0581949
3.2355928
3.1473432
3.2252126
3.0455887
3.0967817
3.173233
3.1443393
3.1972704
3.2136488
3.2358716
3.1126294
3.1403127
3.0894396
3.1938465
3.1257167
3.235896
3.2046466
3.1547432
3.1357899
3.13093
3.1929207
3.074297
3.1942172
3.1194627
3.1679966
3.1541524
3.167997
3.1747239
3.2111366
3.112503
3.0649648
3.232594
3.194072
3.2055845
3.165464
3.207941
3.0745313
3.1048303
3.0996363
3.177865
3.0943055
3.0985944
3.233099
3.2215326
3.0568225
3.1023428
3.1255488
3.15732
3.070312
3.087055
3.1751778
3.170765
3.1164148
3.068902
3.2273786
3.0838401
3.2292633
3.0608218
3.230173
3.1315312
3.107478
3.0592134
3.1029115
3.19762
3.1494994
3.2207103
3.1900172
3.0715842
3.2276645
3.0782075
3.21434
3.0898936
3.1683419
3.0990167
3.2245758
3.228538
3.0746424
3.2364757
3.061574
3.1776464
3.1458693
3.0580876
3.212436
3.0654542
3.2310722
3.227979
3.1720746
3.1059425
3.1229525
3.0662117
3.2380824
3.1842103
3.1813161
3.1267362
3.090887
3.2204037
3.1720462
3.0707154
3.1603954
3.1066835
3.0578873
3.1424916
3.0907183
3.226029
3.2046628
3.1501348
3.0448253
3.0804224
3.217424
3.1224732
3.1403658
3.0598266
3.0551345
3.0994265
3.1379626
3.1086168
3.2112179
3.0589104
3.1107955
3.190213
3.1463437
3.1354084
3.042907
3.190036
3.213493
3.2378635
3.1987987
3.2285302
3.1874015
3.145011
3.1013365
3.2122288
3.2077315
3.1768067
3.2215018
3.1555393
3.1753035
3.096558
3.132226
3.0635371
3.1819272
3.2082865
3.1512423
3.1507595
3.1574209
3.153424
3.1609898
3.2085068
3.211087
3.142405
3.1159983
3.2144215
3.0692759
3.1823883
3.1331928
3.0762167
3.1855848
3.1715412
3.1928668
3.0855503
3.1224856
3.046896
3.1288173
3.223557
3.109415
3.1254053
3.2380626
3.1942847
3.2178104
3.1103532
3.0572298
3.049948
3.0766592
3.1059852
3.133032
3.1490653
3.1933448
3.189561
3.209565
3.0951748
3.1677477
3.1078577
3.0893955
3.1560829
3.138581
3.1382751
3.1792085
3.2109964
3.1700244
3.1417603
3.1240637
3.1621115
3.1110845
3.175967
3.0721426
3.1997573
3.233521
3.2342758
3.177689
3.1750329
3.1242056
3.0989616
3.067523
3.2240174
3.1242201
3.126409
3.1155803
3.194451
3.206975
3.1483648
3.180652
3.095754
3.2293475
3.1983802
3.196071
3.170908
3.1603024
3.2058444
3.239603
3.1027951
3.2205205
3.211024
3.0797253
3.1084566
3.1709309
3.2323017
3.1200323
3.1274705
3.202534
3.2056136
3.199187
3.146167
3.157403
3.1359105
3.0505264
3.231039
3.074227
3.1784875
3.1146202
3.1399693
3.1178446
3.1827264
3.2070842
3.075429
3.1356883
3.1786768
3.065582
3.0435684
3.0882032
3.1250815
3.2087471
3.1333687
3.1023908
3.1542654
3.2167768
3.0929859
3.1227465
3.21265
3.1987832
3.0543802
3.1764176
3.0839958
3.1142273
3.2298806
3.0875568
3.2174208
3.20662
3.071985
3.046446
3.2290094
3.1700482
3.1768525
3.1189332
3.2237065
3.1986802
3.0706713
3.197672
3.2125475
3.213149
3.2200367
3.1049836
3.2323632
3.2108488
3.1564126
3.0480568
3.0518003
3.0902765
3.1176584
3.0612512
3.053683
3.1510346
3.1758208
3.2253432
3.043372
3.1611717
3.117618
3.1656013
3.0903926
3.0485463
3.0785582
3.1552577
3.0732791
3.1137393
3.1568596
3.1160812
3.1404305
3.2248394
3.1698668
3.0603883
3.1252337
3.1537402
3.046903
3.081837
3.071504
3.1924732
3.1180694
3.1921074
3.2158375
3.212238
3.0760908
3.1460073
3.051307
3.175436
3.0577066
3.2391508
3.1248074
3.0785358
3.1465092
3.1748993
3.1222014
3.1285198
3.1768305
3.060212
3.0719743
3.119716
3.1162581
3.2038815
3.0707755
3.2241504
3.053057
3.1221178
3.1728306
3.234327
3.0762775
3.1242647
3.1355472
3.0563061
3.0575726
3.1058464
3.2245111
3.1152103
3.1865687
3.1093214
3.0518565
3.0598128
3.1205044
3.1322846
3.1277683
3.2005904
3.1301942
3.1070595
3.05656
3.0792503
3.1825283
3.123492
3.1232004
3.1616623
3.1565545
3.1976624
3.2339158
3.0686102
3.048116
3.19632
3.2113698
3.1271858
3.1026225
3.1444674
3.0559893
3.1717975
3.1234944
3.189461
3.1290767
3.2349887
3.0593836
3.1640682
3.1267414
3.1497867
3.1815362
3.229162
3.2154443
3.0914714
3.2104132
3.167069
3.088507
3.0647683
3.236977
3.0824256
3.0544908
3.1704361
3.1542728
3.21416
3.2079298
3.1754413
3.182179
3.1163318
3.0608537
3.1773794
3.1685543
3.198022
3.1302688
3.186943
3.1396654
3.230828
3.2342849
3.0736852
3.181129
3.1699176
3.0806642
3.1073964
3.182188
3.1495662
3.2339132
3.0813465
3.1580536
3.0877144
3.0902047
3.1846762
3.1551807
3.0515437
3.2306857
3.2017505
3.1362536
3.0929604
3.1799374
3.2249422
3.1089742
3.2263086
3.0841997
3.185758
3.2123258
3.1057632
3.232121
3.1986299
3.0431745
3.201825
3.0584981
3.2276776
3.0832145
3.237203
3.1694026
3.0415933
3.2350314
3.0647576
3.232178
3.1973364
3.207914
3.2024384
3.2375739
3.0521939
3.1581604
3.2257528
3.1876469
3.1814957
3.1963282
3.133865
3.0943224
3.1669426
3.1850336
3.1130328
3.1252892
3.138448
3.1998072
3.0972226
3.166123
3.0763557
3.048171
3.137396
3.0965726
3.1928992
3.2385778
3.064564
3.0989742
3.2215667
3.0590405
3.1604908
3.1936672
3.0614305
3.043612
3.069016
3.1575806
3.0855246
3.197886
3.043582
3.1092627
3.0829425
3.134249
3.202701
3.0444605
3.1762905
3.056375
3.2380424
3.1196373
3.1285095
3.0991006
3.1692781
3.2374268
3.202311
3.0926082
3.0411465
3.0969424
3.1012251
3.1077147
3.175621
3.0415418
3.181955
3.04112
3.1327717
3.2291334
3.1878586
3.0874882
3.0623713
3.2310967
3.1357274
3.097744
3.103319
3.2242615
3.0483854
3.1502445
3.2070603
3.127618
3.1779766
3.205799
3.1991522
3.119803
3.2376118
3.2013507
3.195968
3.1147592
3.1262362
3.2072892
3.2032163
3.0688653
3.0429435
3.1348722
3.0994718
3.1199894
3.209764
3.1903002
3.084983
3.2026007
3.15797
3.0985985
3.1149275
3.2204962
3.117992
3.1091633
3.1781218
3.1246443
3.220555
3.1760921
3.1134033
3.044903
3.1113799
3.172393
3.1106887
3.1403852
3.1254134
3.1677706
3.1027682
3.2104702
3.0665443
3.1386113
3.1851692
3.204324
3.2035034
3.182654
3.1514516
3.208105
3.0497332
3.1609228
3.1594439
3.1316152
3.2164373
3.0801516
3.1719458
3.1668572
3.1743019
3.2373734
3.209954
3.2211814
3.1836972
3.1166441
3.1221793
3.1930277
3.0841556
3.1754985
3.224299
3.0685778
3.2181056
3.2257726
3.105948
3.2387874
3.0943346
3.171703
3.1285963
3.0950499
3.2362726
3.1207786
3.2349856
3.219954
3.195159
3.184541
3.0622375
3.2127764
3.1287398
3.214166
3.1318302
3.1551483
3.091718
3.1695309
3.093802
3.2211294
3.1598334
3.1947124
3.0842643
