7.707969770098579
7.682332125491492
7.498867130471024
7.286359522522232
7.029534351916726
6.811390619065057
6.525428043168664
6.254674416434018
6.034368977669783
5.804817203217152
5.600373065617642
5.428799922709334
5.233621521347648
5.063285201062506
4.914099708987364
4.764897289105047
4.633247207488538
4.474088021109166
4.319983933141495
4.168075695691542
4.029977642616107
3.8885349979207233
3.745131109443163
3.6095291571606105
3.4729373255250824
3.329494946021121
3.2071411989972276
3.08403110709628
2.951010659339344
2.8398856340052157
2.723624388416171
2.5991057228131975
2.4974932493219053
2.382504411504874
2.2873167594958783
2.17095683740235
2.0764708273040506
1.9777161646120625
1.8856610692985007
1.7947378670816632
1.7012583728479662
1.6169894714694664
1.5280983739906784
1.4475819064950903
1.361408597284111
1.2842796349119265
1.2035849206625093
1.1241980406068988
1.048418610597707
0.978202195651793
0.9058217723223091
0.8315802844919
0.7686317880478769
0.7007219525638791
0.6362707920816313
0.5724475804468144
0.514285577880567
0.45671929032626796
0.40184007308801006
0.3442501344402835
0.29336961600055655
0.2464452433879777
0.1956862054340359
0.15233386848863323
0.10769412630943398
0.06614917723248982
0.02661748270152356
-0.01305084288062841
-0.04915469470844119
-0.0855444679751672
-0.12457795593134556
-0.15478706185876284
-0.1857601374074952
-0.2166297664132895
-0.26808955436506543
-0.32201036762192276
-0.381185565736372
-0.43747030243182833
-0.4852923873277444
-0.5331414194369427
-0.5811390339716935
-0.6286492859495881
-0.6735346208982901
-0.7157969022470105
-0.7551295895507876
-0.7944707959248536
-0.8335889337701032
-0.8706376574588836
-0.9048697349060789
-0.9422783598981578
-0.9731215041835042
-1.0031543781375964
-1.0350546339489193
-1.0702018157849933
-1.1042020391643304
-1.1324823689962689
-1.1642176291990476
-1.203043580579006
-1.2354558670496616
-1.2726067941153163
-1.3079600645561684
-1.356703504636086
-1.4004037208681333
-1.4603256182591764
-1.5249532836964566
-1.5891176763835528
-1.6459822642646704
-1.6970169777252313
-1.7340722967911282
-1.7856878250409913
-1.808547973942713
-1.8550877584611873
-1.8904054643227013
-1.9093897867203558
-1.952815181626746
-1.977391529885013
-2.0028264794087214
-2.0145673351994113
-2.0195925109610937
-2.041409427490706
-2.066825175432845
-2.023066138424293
-2.0582926845883285
-2.047412875431676
-2.0642295856648314
-2.0922504380204865
-2.0900858627590377
-1.9388912552552153
