7.98439900311616
7.858820039466278
7.878489613353596
7.740165919770393
7.40346660874403
7.083527943313588
6.756990258801111
6.438421354236394
6.154198382614102
5.8830638860859
5.582944207869329
5.340778803212501
5.0722876481592465
4.808766354154087
4.602498212056935
4.361904015862401
4.140095317563161
3.9398211204820957
3.7599062385374484
3.573483396020709
3.403438250831453
3.2207349110213204
3.074119372555782
2.9200421198446684
2.7707729793753884
2.6347957205187087
2.49288580708247
2.367903575369112
2.2447325771811197
2.111826116956602
2.0036335812495834
1.884180258467402
1.7783634023310306
1.670241777503244
1.5654827094641268
1.476939179608931
1.3799149696779531
1.2870260287016277
1.202158155016783
1.115634846629589
1.0443462277141078
0.9659666598376949
0.8981080366913202
0.8286845444984182
0.7659450756712243
0.7010858412790769
0.6478389607323035
0.5944395970482828
0.5380312890194273
0.488740349608857
0.4401621964245104
0.39935161235513766
0.3524549156998873
0.3122750575713135
0.27282288364592205
0.23344739541057033
0.1953010555112157
0.16162733881807603
0.12936993554991388
0.09645641900910722
0.06824295353829217
0.03539770998849858
0.009278418479797277
-0.01060344834642618
-0.03694850722833128
-0.05630502327076417
-0.07772129029406367
-0.09730150925463858
-0.11308842937077042
-0.13386810998690032
-0.15414739408821196
-0.16457752613942447
-0.1841425346615848
-0.1978156765458904
-0.21684983332733943
-0.2363203945283365
-0.25928115645058175
-0.28046522735285906
-0.30161735008780693
-0.32178347686090963
-0.34334634780685286
-0.3619792527204466
-0.38466398048653455
-0.41394721970395887
-0.4313514927732296
-0.45706903102050506
-0.477298707362421
-0.4997423448067897
-0.5234080954540016
-0.5493137739646882
-0.5686083001390922
-0.5939934641484288
-0.6168298239687345
-0.6396325979585565
-0.6667101976496728
-0.6870048005691602
-0.7108442369686162
-0.7379065694152137
-0.7605134921961266
-0.7813572154263349
-0.8063957204052618
-0.8348148681579577
-0.861234831844255
-0.8868387922613271
-0.9166231656873226
-0.9459650483204943
-0.9819649776326909
-1.0101165753634094
-1.046041933330008
-1.077724681674107
-1.1031356428028263
-1.1396299009302366
-1.160238565627058
-1.1820788863319767
-1.2096785707208324
-1.2338250139705218
-1.2602210224701518
-1.280550434511514
-1.3112655477306985
-1.303709082877655
-1.3570800271494552
-1.323530317723746
-1.3568012760436838
-1.4030147729702014
-1.3806525733850572
-1.3770923214169493
-1.3782724766415715
-1.1481250295912648
