10.187149046589932
9.373842980090316
8.699436498279832
7.98464382829329
7.565004429013203
6.855262955891411
6.477577748242594
6.070132041040922
5.709299666415027
5.365831840081658
5.052716001460014
4.819501672987669
4.529109511621606
4.319825803521298
4.1384757687647
3.9538386316088974
3.748506693045032
3.5853488533692697
3.427021127871822
3.288101545426351
3.1407315305901604
2.983270156200198
2.8550114565797142
2.711455734492809
2.58839812849529
2.480538032584233
2.3656918215671543
2.256238701499528
2.136073788875783
2.0308381597403473
1.9295650431178013
1.8320817722327118
1.7253641320597637
1.6333632245086627
1.5417415876789677
1.4526427554235835
1.3710411538691734
1.281270002301324
1.203757796474019
1.1231207282240094
1.0469832673093449
0.9753634051654129
0.9148336357391456
0.8348444681633209
0.7636217117043337
0.7124641152438395
0.6461970445971807
0.5824199932737134
0.5358929201366863
0.48951201507046677
0.4302025390470298
0.3845014784897969
0.33799391641844373
0.2948893214798911
0.25217187815103653
0.2153694635907252
0.17922282990933927
0.1367864427626654
0.09741810450436018
0.0717658635566684
0.03855781238678293
0.007060829597295796
-0.01316772644724675
-0.046722552137947716
-0.07507823631518303
-0.09319243229611962
-0.12089724672767295
-0.14060472785197337
-0.16584018657309893
-0.18081075825110735
-0.20322085786559332
-0.21813871196395276
-0.23653458838996866
-0.25131751322754664
-0.27379031389571223
-0.29691525747261166
-0.3170060446732993
-0.33426620644689214
-0.34768059154796943
-0.3704435709577145
-0.39270905632179703
-0.41136806143897225
-0.42844916826512275
-0.45293974647377216
-0.46177945990535346
-0.4751199912780905
-0.5000244627826954
-0.5129790980602004
-0.5271262555833135
-0.5389132189924002
-0.54952857011138
-0.5530342796882067
-0.5646551975834637
-0.5733949705539506
-0.5804602316495423
-0.5937192550045577
-0.5899599793793583
-0.6007697618610943
-0.6083287160198673
-0.6091257906500516
-0.6172870846525148
-0.6150261850488242
-0.6288709467222756
-0.6250572715978139
-0.6411462073478323
-0.6414696363719317
-0.6567841428738499
-0.6411968404549966
-0.6617333140217977
-0.6611234376580972
-0.6493894349802832
-0.6659567603721345
-0.6592160979311373
-0.6491539493269043
-0.681124253936546
-0.6731513154370949
-0.7041870540575816
-0.6795698793481186
-0.6796381680321465
-0.6981677493212497
-0.7109193122302541
-0.6982218559256158
-0.6769219737976268
-0.6990502717763364
-0.6741673694926019
-0.725485077753241
-0.6972467643700296
-0.06720237364265842
