8.06774255737134
7.973084734525304
7.965736993867466
7.753393978568153
7.448025725492958
7.136062795102764
6.778254521906725
6.435250594861824
6.1543979277985565
5.768515460027349
5.4972539576138955
5.18372149684069
4.886102939454528
4.605990766064829
4.344583990858147
4.103736560782052
3.8640877224858756
3.65175227542813
3.4631196128704214
3.2687301412807983
3.0685596342334356
2.891227189608671
2.728369312019591
2.5830850765914737
2.4370802947081676
2.3030183478991177
2.1668831205325874
2.034120988818922
1.9232138945743553
1.8110343266313838
1.7013707636469289
1.59415601385747
1.495707228433129
1.4049845875977713
1.2982611108902369
1.208414344467711
1.1236019518251579
1.0413251352406356
0.9640369354863428
0.8906532956082973
0.81582307757842
0.7554015981394527
0.6792035265136395
0.6167263690346021
0.5556651868311252
0.49678025684454097
0.4419770765738531
0.3838558890510026
0.32979105488284816
0.2774926905074466
0.23067806383189415
0.1935442183360426
0.15330658008179732
0.10735058379930168
0.07308361168439247
0.037675454415420896
0.005051367881467056
-0.022324223952484023
-0.05365907576070055
-0.08262347434226718
-0.10957787307422538
-0.1334113381219114
-0.15463241138290507
-0.17773632486849536
-0.19238357937872205
-0.21200265183774744
-0.22603088145268357
-0.2423340764023794
-0.2600140321183137
-0.276497728853834
-0.28515625482625934
-0.29547549198837647
-0.3061264039940244
-0.31685830834205336
-0.3184608725501825
-0.3150014438187309
-0.3118738072830521
-0.3161670319562652
-0.3143001061029657
-0.3171138160299991
-0.31453838206117735
-0.31783069965659755
-0.31675185917071264
-0.31388568584103643
-0.314839458272502
-0.31495675827517644
-0.3169802445647774
-0.3180008661566731
-0.31667038181547474
-0.3174337467051554
-0.31956402856843336
-0.3168821818947598
-0.3194155022510008
-0.31874906417420296
-0.31770186986673843
-0.32082855883981626
-0.31995394623878176
-0.31533654825988394
-0.32331768763141805
-0.31563420470035997
-0.321385480292027
-0.3217053258140861
-0.3179720161152661
-0.32287314734963635
-0.3297763543146655
-0.3276817030881574
-0.3178376212786959
-0.325071047716412
-0.31970680276274505
-0.3185681354862299
-0.3264581184162235
-0.3329588156830801
-0.31866052012519125
-0.32314029621780205
-0.3353079351334782
-0.32469898379931805
-0.32921147539849654
-0.3510182715617285
-0.3501899166942947
-0.3715468268106295
-0.36307316961919195
-0.33464818889610354
-0.36350814989090496
-0.36094232997342984
-0.32364416345768515
-0.3678759913807492
-0.3366093368235839
-0.47005520782725546
