8.021285143009896
7.84226888045638
7.979416508549907
7.742621694719735
7.406021555859891
7.054780242612876
6.757336592585852
6.377647452809555
6.0374175799674035
5.792837708441577
5.4826739550834285
5.158664768255536
4.889210280050836
4.643896784365644
4.417153949654316
4.180067705937625
3.9382496204429476
3.747949868303176
3.54868653160788
3.348990503353138
3.166183832350874
3.0074730177325537
2.853911651557152
2.7012394619127225
2.5533231737178603
2.4154185613619017
2.2901142626637405
2.1573202213294413
2.0405614574174145
1.9338177318210572
1.8291610108230152
1.7235132853576285
1.6165807310478264
1.525707498903845
1.4372097317567845
1.3471224472622472
1.261548288407504
1.173914054381006
1.1098254472631939
1.035262284773933
0.9669544578611173
0.8968404492771332
0.8400083849125014
0.7808235394634709
0.720455796428407
0.6616390994730299
0.6137982972325876
0.5565762265189912
0.510501800823893
0.4689893535751802
0.41890048954520637
0.3752512241280557
0.3396949927671695
0.2983333929879923
0.26431405588053286
0.23159947701459074
0.1980336984903093
0.16201719829439234
0.13303445006758385
0.10891435624331543
0.08231847907491006
0.05386065399490499
0.03212392347176179
0.009779744431756754
-0.009819729465215423
-0.03026618110669167
-0.053566229445524804
-0.07083560439455266
-0.09081709682004295
-0.10504060279109657
-0.12533312185761772
-0.14075271679662296
-0.1593177119537684
-0.17070833301165123
-0.18843287113403207
-0.20421742007404328
-0.2217374589271652
-0.24015539676290856
-0.2588974439798079
-0.2748273948302516
-0.29456732377433675
-0.31557852625878297
-0.33485637821850794
-0.361861939268993
-0.38335758578147394
-0.40923742657082557
-0.4305887648600269
-0.45692001184257647
-0.48760873042202196
-0.5091733506438314
-0.53600828050702
-0.562649996276752
-0.5902693502975089
-0.6166205390030625
-0.6456220036855741
-0.6685450096266706
-0.6952826557515238
-0.719802930198559
-0.7516670609052479
-0.7815061848258414
-0.8125943280927664
-0.8449219579111196
-0.8843122857033557
-0.9286389067272047
-0.9723266908051317
-1.025555879792296
-1.0620258179769648
-1.1030883134151328
-1.1288836386153998
-1.1641932238788952
-1.1931244136145411
-1.225246078042382
-1.257830353244922
-1.287285881459625
-1.3186811961411251
-1.3392232282255405
-1.367829494640077
-1.3703082684641406
-1.3971975336651659
-1.4101463859959844
-1.4439134048479698
-1.4431970127163762
-1.4669140515625287
-1.4544164308354068
-1.488882880841177
-1.5015083567103111
-1.420641263630327
-1.7888098004647865
