7.658246452215412
5.885979840060188
4.833413851532733
3.900300521559226
3.0779341020924886
2.338309643654042
1.6994580344139751
1.1507563118617699
0.6769738936106036
0.31816184946785775
0.03070519154561654
-0.19565820189144495
-0.372963437036055
-0.6006229393789346
-0.7637333188196788
-0.8735973118303102
-0.9181097073721322
-0.9661878656820051
-0.9879239204756632
-1.0399447112906877
-1.0672517219424549
-1.1917444500287797
0.0
0.0
0.0
0.0
0.0
0.0
0.0
0.0
0.0
0.0
0.0
0.0
0.0
0.0
0.0
0.0
0.0
0.0
0.0
0.0
0.0
0.0
0.0
0.0
0.0
0.0
0.0
0.0
0.0
0.0
0.0
0.0
0.0
0.0
0.0
0.0
0.0
0.0
0.0
0.0
0.0
0.0
0.0
0.0
0.0
0.0
0.0
0.0
0.0
0.0
0.0
0.0
0.0
0.0
0.0
0.0
0.0
0.0
0.0
0.0
0.0
0.0
0.0
0.0
0.0
0.0
0.0
0.0
0.0
0.0
0.0
0.0
0.0
0.0
0.0
0.0
0.0
0.0
0.0
0.0
0.0
0.0
0.0
0.0
0.0
0.0
0.0
0.0
0.0
0.0
0.0
0.0
0.0
0.0
0.0
0.0
0.0
0.0
0.0
0.0
0.0
0.0
0.0
0.0
0.0
0.0
0.0
