7.615028016732419
5.458187127829136
3.911079164262477
2.801716916109859
1.9614708275194057
1.334326525618081
0.8615265192633521
0.5290008346816032
0.27736315125352573
0.07537877012529547
-0.07509003435604038
-0.16946997645514153
-0.24368672667603436
-0.3239360053342412
-0.37384450536980346
-0.41214885078592206
-0.436145443599268
-0.479880381362869
-0.5177571446186212
-0.5221223321417948
-0.5721661476017746
-0.41416324240650454
0.0
0.0
0.0
0.0
0.0
0.0
0.0
0.0
0.0
0.0
0.0
0.0
0.0
0.0
0.0
0.0
0.0
0.0
0.0
0.0
0.0
0.0
0.0
0.0
0.0
0.0
0.0
0.0
0.0
0.0
0.0
0.0
0.0
0.0
0.0
0.0
0.0
0.0
0.0
0.0
0.0
0.0
0.0
0.0
0.0
0.0
0.0
0.0
0.0
0.0
0.0
0.0
0.0
0.0
0.0
0.0
0.0
0.0
0.0
0.0
0.0
0.0
0.0
0.0
0.0
0.0
0.0
0.0
0.0
0.0
0.0
0.0
0.0
0.0
0.0
0.0
0.0
0.0
0.0
0.0
0.0
0.0
0.0
0.0
0.0
0.0
0.0
0.0
0.0
0.0
0.0
0.0
0.0
0.0
0.0
0.0
0.0
0.0
0.0
0.0
0.0
0.0
0.0
0.0
0.0
0.0
0.0
