9.825612842566928
5.9572638460494876
4.51399867750472
3.577768677391313
2.7572285223402724
2.0775132232797167
1.5593055922552628
1.093577249684078
0.7296993794684816
0.38696796062065186
0.10428264934831968
-0.12431061840817184
-0.3185796070688127
-0.5514636803638107
-0.7393273871559236
-0.8920413652796274
-0.984634163695155
-1.0794983609829916
-1.1986681985943313
-1.2550244363402223
-1.3544475092560933
-1.7467641027033216
0.0
0.0
0.0
0.0
0.0
0.0
0.0
0.0
0.0
0.0
0.0
0.0
0.0
0.0
0.0
0.0
0.0
0.0
0.0
0.0
0.0
0.0
0.0
0.0
0.0
0.0
0.0
0.0
0.0
0.0
0.0
0.0
0.0
0.0
0.0
0.0
0.0
0.0
0.0
0.0
0.0
0.0
0.0
0.0
0.0
0.0
0.0
0.0
0.0
0.0
0.0
0.0
0.0
0.0
0.0
0.0
0.0
0.0
0.0
0.0
0.0
0.0
0.0
0.0
0.0
0.0
0.0
0.0
0.0
0.0
0.0
0.0
0.0
0.0
0.0
0.0
0.0
0.0
0.0
0.0
0.0
0.0
0.0
0.0
0.0
0.0
0.0
0.0
0.0
0.0
0.0
0.0
0.0
0.0
0.0
0.0
0.0
0.0
0.0
0.0
0.0
0.0
0.0
0.0
0.0
0.0
0.0
