7.785887427837162
5.538290088288844
4.08450742997589
2.9742762362474173
2.1773981654254757
1.5604029358932041
1.0753906203732122
0.6857432441981031
0.3941165641016328
0.1433912603549649
-0.04861196731629464
-0.17104014486180738
-0.26618207580097863
-0.376356035639043
-0.45730421302480645
-0.5131098690383668
-0.5600220853591895
-0.6565064460728431
-0.7627750569031868
-0.8638151816734206
-0.8802594927389317
-0.8032660122845424
0.0
0.0
0.0
0.0
0.0
0.0
0.0
0.0
0.0
0.0
0.0
0.0
0.0
0.0
0.0
0.0
0.0
0.0
0.0
0.0
0.0
0.0
0.0
0.0
0.0
0.0
0.0
0.0
0.0
0.0
0.0
0.0
0.0
0.0
0.0
0.0
0.0
0.0
0.0
0.0
0.0
0.0
0.0
0.0
0.0
0.0
0.0
0.0
0.0
0.0
0.0
0.0
0.0
0.0
0.0
0.0
0.0
0.0
0.0
0.0
0.0
0.0
0.0
0.0
0.0
0.0
0.0
0.0
0.0
0.0
0.0
0.0
0.0
0.0
0.0
0.0
0.0
0.0
0.0
0.0
0.0
0.0
0.0
0.0
0.0
0.0
0.0
0.0
0.0
0.0
0.0
0.0
0.0
0.0
0.0
0.0
0.0
0.0
0.0
0.0
0.0
0.0
0.0
0.0
0.0
0.0
0.0
