7.984174077257427
5.81007684490843
4.3539175073792995
3.247562300229527
2.3806852581141493
1.7500962333295091
1.245763259499815
0.8220032560933729
0.4950097987600183
0.23700431870637784
0.04189966457951692
-0.11023824865627331
-0.2545971735755674
-0.42859441494034295
-0.5554189458420447
-0.6864909452553734
-0.7731031298833968
-0.9267006057768589
-1.0390210004369318
-1.1873725776928625
-1.2874620392969107
-1.688524260281205
0.0
0.0
0.0
0.0
0.0
0.0
0.0
0.0
0.0
0.0
0.0
0.0
0.0
0.0
0.0
0.0
0.0
0.0
0.0
0.0
0.0
0.0
0.0
0.0
0.0
0.0
0.0
0.0
0.0
0.0
0.0
0.0
0.0
0.0
0.0
0.0
0.0
0.0
0.0
0.0
0.0
0.0
0.0
0.0
0.0
0.0
0.0
0.0
0.0
0.0
0.0
0.0
0.0
0.0
0.0
0.0
0.0
0.0
0.0
0.0
0.0
0.0
0.0
0.0
0.0
0.0
0.0
0.0
0.0
0.0
0.0
0.0
0.0
0.0
0.0
0.0
0.0
0.0
0.0
0.0
0.0
0.0
0.0
0.0
0.0
0.0
0.0
0.0
0.0
0.0
0.0
0.0
0.0
0.0
0.0
0.0
0.0
0.0
0.0
0.0
0.0
0.0
0.0
0.0
0.0
0.0
0.0
