61.32973104038862
49.14484658154312
42.34079995599655
36.979404067057196
32.32547257639679
28.36510285502504
24.988273867397794
22.199378570072437
19.711644028141134
17.578015651318236
15.738991361590536
14.332145842328384
13.024031376997094
11.869068081820545
10.904486414295762
10.133146601854923
9.46548341534912
8.780465684959768
8.298607328965105
7.834153714124755
7.427349441018373
7.040890091274111
6.7000718632159515
6.409482793001995
6.134740838943848
5.913856796458597
5.656981341201919
5.445470905812025
5.273395726946675
5.07912752495202
4.911223368903628
4.778978614958778
4.637066455597339
4.490273175834328
4.374303247805249
4.2740841216686
4.176286423809085
4.068731642293877
3.9647511605066352
3.873045494565468
3.773680904262706
3.708894076985238
3.6209192549388303
3.5590545114001366
3.4765501724192513
3.3982967384970677
3.332135839942218
3.23749677052167
3.1749483394257796
3.1069711113796767
3.040463969206206
2.978174385150365
2.915074251293521
2.853921614160364
2.7914142251979763
2.7303788781801783
2.659009260645246
2.5996511424331663
2.531255586162699
2.4728974983060006
2.4176215980665234
2.3630437164733253
2.312994632324124
2.254308096901702
2.201107599153529
2.1560891235866753
2.1073496889905576
2.074707187978652
2.017759687448742
1.9694131143039626
1.9246291703370622
1.8803131533497737
1.8368710063369944
1.7939256566034805
1.752508746101743
1.704498848090746
1.6611651153584148
1.620852164982518
1.5758384341682101
1.53571780724497
1.487116459300193
1.4564326485642562
1.417815938030016
1.3847665856780318
1.3370710232533958
1.30651743033831
1.2659730938962324
1.2321159230802907
1.2058999339283494
1.1703720920288154
1.1345848797543414
1.117702120265055
1.0994770564116765
1.0599714801979967
1.0461958392249116
1.0159801365774772
1.0004632594872518
0.9790953871034663
0.9609817070135815
0.9272982126451786
0.894588359327647
0.8568297089121836
0.8431233627743744
0.7985031165967075
0.7480447138242112
0.7087674242253394
0.6667634308698477
0.6258129624219718
0.5691439054374433
0.5330391907686715
0.4841598018614915
0.46157901942638074
0.42176891024651897
0.38452261499661233
0.3700173196299093
0.3282506824306788
0.3107522142442008
0.3423343016313485
0.2884360522255527
0.27374004665005053
0.3089504591388891
0.2704922489378323
0.27221006157380073
0.21834785859106434
0.22647001674112785
0.22027771131694002
0.22185832643780729
0.2619621098442825
0.21473262995428585
0.2045809664743633
0.033797615608575804
0.10911834799937095
0.10484893260399614
0.005431265523965924
0.005888838882000261
-0.6953451223599106
-0.29130700729433934
-0.7239227181938518
-1.313201028486098
-0.5489122690845589
-1.8661437965977277
-3.391074428282752
-4.737755154753865
-8.470239690064552
18.7005388008254
0.0
0.0
0.0
0.0
0.0
0.0
0.0
0.0
0.0
0.0
0.0
0.0
0.0
0.0
0.0
0.0
0.0
0.0
0.0
0.0
0.0
0.0
0.0
0.0
0.0
0.0
0.0
0.0
0.0
0.0
0.0
0.0
0.0
0.0
0.0
0.0
0.0
0.0
0.0
0.0
0.0
0.0
0.0
0.0
0.0
0.0
0.0
0.0
0.0
0.0
0.0
0.0
0.0
0.0
0.0
0.0
0.0
0.0
0.0
0.0
0.0
0.0
0.0
0.0
0.0
0.0
0.0
0.0
0.0
0.0
0.0
0.0
0.0
0.0
0.0
0.0
0.0
0.0
0.0
0.0
0.0
0.0
0.0
0.0
0.0
0.0
0.0
0.0
0.0
0.0
0.0
0.0
0.0
0.0
0.0
0.0
0.0
0.0
0.0
0.0
0.0
0.0
0.0
0.0
0.0
0.0
0.0
0.0
0.0
0.0
0.0
