2.0135949285664116
1.4850580564048228
1.329891972122173
1.2761957174810916
1.200328000408409
1.1698162886168557
1.1329186853609041
1.111341624980888
1.0961407647029864
1.0779682917731281
1.0626846035405937
1.0631014823333156
1.0460407162970038
1.0419189007211154
1.0351751088523433
1.0317224572661403
1.0286851241183355
1.026140662233511
1.0231535367586726
1.019294666174678
1.0193873099912132
1.0170771743383238
1.0142398254629286
1.0136185046847437
1.0144063812703938
1.0104979327774497
1.003875701718123
0.993805250611915
0.9786848987790965
0.9604903197053518
0.939529331008861
0.9168489027443439
0.8906156391691373
0.8634205566266748
0.8344477726950305
0.8025085331603886
0.7690417837093619
0.7361665651618139
0.7001334910788253
0.6634040669679041
0.62741441107696
0.5879919645010145
0.5502586171285055
0.5124019372221372
0.4736703032048572
0.43520918792268903
0.3968171277919546
0.3586416563117511
0.3197032084431264
0.2826561691822678
0.24754237953925676
0.21511697386920195
0.18547961313316397
0.15877014934688857
0.13425961642398393
0.11283792042289889
0.09391893531365555
0.07753510796072491
0.06324452212502278
0.05122707548080069
0.040879945759857525
0.0322260885911698
0.02506869655370439
0.019127512278327322
0.014374531280905852
0.010687535073469749
0.007696187177460541
0.005504937039003845
0.0038853636569455663
0.0027079279440531505
0.0018209628061361329
0.0012139973490094692
0.000767008104013942
0.0004939457796875413
0.00030285881891322627
0.00018091905741085307
0.00010149470868417336
5.735724155930039e-5
2.578409134398322e-5
9.75037421884173e-6
3.3226381389515905e-6
2.0120312128611844e-6
2.1817189620615924e-7
1.0648917514256914e-7
0.0
0.0
0.0
0.0
0.0
0.0
0.0
0.0
0.0
0.0
0.0
0.0
0.0
0.0
0.0
0.0
0.0
0.0
0.0
0.0
0.0
0.0
0.0
0.0
0.0
0.0
0.0
0.0
0.0
0.0
0.0
0.0
0.0
0.0
0.0
0.0
0.0
0.0
0.0
0.0
0.0
0.0
0.0
0.0
