1.4277813597467588
1.299863329850804
1.2151207943447038
1.1495935384225162
1.1235730278829015
1.1057103951642369
1.094543794369811
1.076691279486643
1.0681593461486514
1.0560310029172104
1.0472406604241105
1.0368548337107495
1.0394059274394416
1.0341575172601472
1.0254217275313617
1.0298811990779422
1.0220328265427252
1.0179726243475844
1.0173453031336428
1.0173776346038867
1.016803067712996
1.0136019419852103
1.0137485886300632
1.0096959666704686
1.011268691315708
1.005161694282962
1.00127298544294
0.9905617845995442
0.9748058674768445
0.9579899003685994
0.9372141165978789
0.9138373456961135
0.8904075863828037
0.8616595188321005
0.8312641359882088
0.8011241217566915
0.7689743533807113
0.7343472430653241
0.6984144649639801
0.6633055669819898
0.6263004702015296
0.5885778126664525
0.5508944971794643
0.5123968365598743
0.47331749836565234
0.4336118675714144
0.39518749994455266
0.35697034300705005
0.3196968957869713
0.2823343719213944
0.2466521058343479
0.21395245291063952
0.1847280706266264
0.1576233609031755
0.13402814984170264
0.11236524558631512
0.09370054136138697
0.07673724238560355
0.06316229791130763
0.05075038359875512
0.040613814542112964
0.03187588823393207
0.02485201689101656
0.01891797137562481
0.014139313300544137
0.010497690586600305
0.0076574040352704546
0.005420363528754512
0.0038477046648725446
0.002673342952998377
0.001805725873713993
0.0011978765563620175
0.0007815572448451457
0.0005006801545358132
0.00030272504735010203
0.00017844428268745048
9.375573714700514e-5
5.1918192790746055e-5
2.506117289508649e-5
1.0690169324272262e-5
4.812096615033338e-6
1.5649131655586992e-6
3.2725784430923886e-7
0.0
0.0
0.0
0.0
0.0
0.0
0.0
0.0
0.0
0.0
0.0
0.0
0.0
0.0
0.0
0.0
0.0
0.0
0.0
0.0
0.0
0.0
0.0
0.0
0.0
0.0
0.0
0.0
0.0
0.0
0.0
0.0
0.0
0.0
0.0
0.0
0.0
0.0
0.0
0.0
0.0
0.0
0.0
0.0
0.0
