5.926517728359129
3.3862473905605364
2.3992393027208156
1.9160454180716635
1.6620810951140712
1.499479438255605
1.386926087676994
1.2995421625926897
1.2455128853722972
1.2007793006256398
1.1662973113234458
1.134943407220037
1.1168885779882582
1.0991499415669577
1.0859590556623908
1.075004382126299
1.0640970217147336
1.0551184126651636
1.0502878344569642
1.0427493131828325
1.0403491713142548
1.0380038865703898
1.0327305664034188
1.0303846661844513
1.025335980666353
1.0231105331908172
1.0142144688294288
1.0019485688965462
0.9879190772066773
0.9674098100708814
0.9448842519515732
0.9221979518110531
0.8963211353938249
0.8670459327611368
0.8384737258220895
0.806911108701955
0.7723878605179018
0.7385414773941832
0.7034079052456595
0.6663396996398913
0.629642564410318
0.5906603326149483
0.5531621268272516
0.5136000631697006
0.4746913189098139
0.43572277626464223
0.3976966152101895
0.35903185976060215
0.32109950485807
0.28390663334062255
0.24867484379194651
0.21599473154171828
0.18567447544471566
0.15910502921136124
0.13480605003326698
0.1136999674833569
0.09454242795214751
0.07807969107533988
0.06369800276543987
0.05151965482292202
0.04109354040336745
0.032106845762131644
0.02523585350927527
0.0192422902411565
0.014556950141775896
0.010645706985524129
0.007782895202499793
0.0055538153133762695
0.003903022243144513
0.0026791839737098496
0.0018481726810448858
0.0012188844181318724
0.0008141091817825332
0.0005014704128088246
0.0003237606256513851
0.00018695620522294314
9.711140595287563e-5
5.347573857446843e-5
2.5302145711385397e-5
1.0237892929783821e-5
3.3684676305233365e-6
1.2910533615859267e-6
1.145402455082336e-7
0.0
0.0
0.0
0.0
0.0
0.0
0.0
0.0
0.0
0.0
0.0
0.0
0.0
0.0
0.0
0.0
0.0
0.0
0.0
0.0
0.0
0.0
0.0
0.0
0.0
0.0
0.0
0.0
0.0
0.0
0.0
0.0
0.0
0.0
0.0
0.0
0.0
0.0
0.0
0.0
0.0
0.0
0.0
0.0
0.0
