1.3453665230687086
1.2419502023029836
1.207852343862372
1.1403828235409368
1.1103910368830403
1.0970944064298644
1.092316366967677
1.0748065326605962
1.060984360246421
1.05276794421515
1.0484923264021784
1.0461236373713905
1.0351410452675798
1.0306921776351292
1.0296789037431258
1.0264365633735109
1.0220110157310018
1.0193202294112562
1.0169744263786467
1.016487444790973
1.0158545112513397
1.0134702557315343
1.011450773355138
1.010733732039564
1.0105835197607629
1.0083629807054144
1.002283625881232
0.9880329805898992
0.9746715089468184
0.9578133098524928
0.9371127611238373
0.9133704608270212
0.8881942140038674
0.8615457327687395
0.8323107939807729
0.8004083516054182
0.7689654369736173
0.7330648480065969
0.6990806376716561
0.6621007265745738
0.6256875990331702
0.5873832686882124
0.5505841614079879
0.5113539473064816
0.47316677833870213
0.43485056188962323
0.3958426474230278
0.35800557664685906
0.31968016724816023
0.28245951530062297
0.2471051031805997
0.21504391137636902
0.1854432481731702
0.15847184427783859
0.13465505933237387
0.1129013133255106
0.09397708066835961
0.07744685544988264
0.06312086037880212
0.05116898324528523
0.04063430177762531
0.03201545799514059
0.024832819833181936
0.019073377809615075
0.014298683297860534
0.010506689596005238
0.007711633277380397
0.005480982692170221
0.003841533653566461
0.002667348221215549
0.0018108048511880396
0.0012033953862773613
0.0007805684682838017
0.0005030165702994995
0.00029643778388326384
0.00018612910946012173
9.87036041953586e-5
5.525579089872259e-5
2.8073333098822847e-5
1.2099861982418054e-5
3.4372118678809556e-6
1.1177951182562135e-6
6.545156886184777e-7
0.0
0.0
0.0
0.0
0.0
0.0
0.0
0.0
0.0
0.0
0.0
0.0
0.0
0.0
0.0
0.0
0.0
0.0
0.0
0.0
0.0
0.0
0.0
0.0
0.0
0.0
0.0
0.0
0.0
0.0
0.0
0.0
0.0
0.0
0.0
0.0
0.0
0.0
0.0
0.0
0.0
0.0
0.0
0.0
0.0
