1.2429048342257278
1.2534055462135412
1.1913224806686813
1.1542891969895963
1.119519839514523
1.0938878878951972
1.0827401830183454
1.0723945839251654
1.0602863644791078
1.052800821380914
1.0432905102675196
1.0371017025733817
1.0388645058719672
1.031205259647764
1.0223506302641692
1.0244192117008715
1.020983181228541
1.0180235230999892
1.0158834848127802
1.0146992564825776
1.0120850149958944
1.0112974325458761
1.009543014789294
1.0086393817221408
1.009527316677869
1.0053717644333653
1.000231687501813
0.9885513068775905
0.9746194107412982
0.9567904498099251
0.9363801286421821
0.9114887053049591
0.8858683806593449
0.8598852500999257
0.8314880634133163
0.8011465079836448
0.767652496028982
0.7335674581737062
0.698381406769464
0.6614564319807186
0.6253426892619073
0.5880053282192843
0.5494517441226678
0.5103828596834011
0.4727389884114623
0.4337413315693512
0.39579835286080384
0.35741852743725344
0.3193083518006257
0.28180470938654795
0.2468320238034891
0.21433400148432236
0.1851086905412277
0.1581424117233225
0.13408564154140537
0.11279814921023376
0.09411104756559785
0.07752230797823637
0.06323367460342448
0.050880409541064084
0.04060204959498706
0.032124993757101726
0.024810581657274504
0.018994385676698224
0.014272091887334056
0.010643924489430459
0.007757300007578245
0.0054632206254704545
0.0038312486347229892
0.002688867771205186
0.0018481502737913238
0.001202233527347815
0.0007860773662684324
0.0005023293891925329
0.0003128916861475425
0.0001779232774825236
0.00010035289321147641
5.2041807535485935e-5
2.457922726248867e-5
1.1395015653345157e-5
3.3226381389515905e-6
1.3413541419074564e-6
3.2725784430923886e-7
0.0
0.0
0.0
0.0
0.0
0.0
0.0
0.0
0.0
0.0
0.0
0.0
0.0
0.0
0.0
0.0
0.0
0.0
0.0
0.0
0.0
0.0
0.0
0.0
0.0
0.0
0.0
0.0
0.0
0.0
0.0
0.0
0.0
0.0
0.0
0.0
0.0
0.0
0.0
0.0
0.0
0.0
0.0
0.0
0.0
